{
  "name": "large_uniform_n100_seed44",
  "n": 100,
  "seed": 44,
  "points": [
    [
      408.53587925449375,
      541.9720091045962
    ],
    [
      862.0366164792732,
      176.66564419544383
    ],
    [
      225.1595205781467,
      29.09725326811108
    ],
    [
      116.6505334428638,
      8.805625887066903
    ],
    [
      156.69033508336383,
      513.7132085026757
    ],
    [
      989.4929103775511,
      693.5102614314382
    ],
    [
      378.42657112328095,
      405.0477353192561
    ],
    [
      691.3096284123793,
      326.11987261685994
    ],
    [
      73.55343057826825,
      841.5228969062091
    ],
    [
      617.2199559140831,
      112.00982712964758
    ],
    [
      70.06668737991728,
      94.62754629553504
    ],
    [
      958.9232453363275,
      107.71686541376934
    ],
    [
      625.3169687228409,
      969.5674798615804
    ],
    [
      35.00332940035356,
      385.87884676317077
    ],
    [
      477.2809704848116,
      916.8894603146663
    ],
    [
      188.59316505523483,
      258.34686865744175
    ],
    [
      247.96464127719818,
      49.204737271702385
    ],
    [
      673.7168204826979,
      816.7054405798101
    ],
    [
      436.3650508959722,
      37.83352478299151
    ],
    [
      713.5799802446153,
      737.0460170839402
    ],
    [
      653.4460470937047,
      328.6528391354836
    ],
    [
      830.481689206348,
      630.5582035603346
    ],
    [
      589.9736121443087,
      540.529386331043
    ],
    [
      233.26149198003665,
      455.57250077657665
    ],
    [
      794.0596694992696,
      683.7553307043023
    ],
    [
      345.9073649067602,
      819.6139557163948
    ],
    [
      839.416196477519,
      43.62318871892656
    ],
    [
      157.26925439603556,
      223.14650478327425
    ],
    [
      14.58843484549288,
      753.4552336024461
    ],
    [
      646.7903893887852,
      543.2016870508935
    ],
    [
      994.665480735883,
      356.6779610773797
    ],
    [
      199.04695007600748,
      111.51918292748253
    ],
    [
      340.1304864312761,
      838.0565138443935
    ],
    [
      606.7270168416464,
      59.27252768664448
    ],
    [
      433.2342577033789,
      47.98165467282445
    ],
    [
      623.0878269221284,
      122.48957263441707
    ],
    [
      179.4402147271543,
      642.4485350784436
    ],
    [
      835.5548903748157,
      619.6370769249636
    ],
    [
      293.6985486823931,
      645.3160350252704
    ],
    [
      272.04909231091835,
      6.739247107876101
    ],
    [
      273.91238643523974,
      688.2358232416252
    ],
    [
      626.4753094183797,
      192.62877745964946
    ],
    [
      840.6243993270748,
      830.6745369790727
    ],
    [
      279.3738803501797,
      960.930898622313
    ],
    [
      262.56418208465817,
      64.87631795241555
    ],
    [
      512.2345369389031,
      864.9403958646869
    ],
    [
      599.6955136202538,
      546.3427066627966
    ],
    [
      487.65109528164794,
      284.1386384601717
    ],
    [
      299.8793155041477,
      403.0864186744829
    ],
    [
      547.1050358015215,
      942.8553614749281
    ],
    [
      72.77326522318239,
      252.1474967279318
    ],
    [
      943.4867362106374,
      657.3026413650186
    ],
    [
      74.36010931248715,
      441.6253074701722
    ],
    [
      650.9970750302094,
      911.9630787035082
    ],
    [
      84.22721381517873,
      902.2930903446062
    ],
    [
      770.6955830267418,
      278.594678235941
    ],
    [
      533.4138833221767,
      825.4260224253051
    ],
    [
      243.13228603202296,
      701.3418617414571
    ],
    [
      560.0563547590604,
      73.01012057349554
    ],
    [
      271.72201025626407,
      412.44134822443647
    ],
    [
      139.56055782123366,
      943.8361261235957
    ],
    [
      250.08192011477703,
      231.74873683972797
    ],
    [
      597.1770611834786,
      527.5719770257082
    ],
    [
      319.105110818668,
      325.43070549767174
    ],
    [
      496.53411019948135,
      909.2532098650149
    ],
    [
      78.9711990567461,
      912.0449081489621
    ],
    [
      938.0009221652939,
      683.3114228386512
    ],
    [
      802.6812553591268,
      382.09189903125974
    ],
    [
      962.6351195004526,
      742.4103316082118
    ],
    [
      686.7316924603165,
      448.9870162287071
    ],
    [
      220.67958233036,
      691.499703732079
    ],
    [
      735.7857301631956,
      5.101467175458119
    ],
    [
      311.23705218602925,
      535.691042968656
    ],
    [
      211.86924433561526,
      129.35757761115397
    ],
    [
      187.95489179810187,
      15.646890381067479
    ],
    [
      120.62753062706022,
      391.3761789616046
    ],
    [
      501.4332313176737,
      638.2608851864005
    ],
    [
      308.1288516732168,
      128.21155995817801
    ],
    [
      920.1769963847771,
      631.8791669732849
    ],
    [
      678.8663314222943,
      689.0509357048244
    ],
    [
      321.83068649396705,
      593.7140728316327
    ],
    [
      318.78661347814295,
      652.8845252199495
    ],
    [
      817.8554720335864,
      16.30717541417237
    ],
    [
      795.6809863864636,
      117.15214844662192
    ],
    [
      16.100974126273538,
      75.27020702838816
    ],
    [
      562.3920792020249,
      857.7579400433098
    ],
    [
      925.3719954682074,
      157.68674683694516
    ],
    [
      428.9926640540398,
      941.8981542664283
    ],
    [
      887.5099299688316,
      826.2798665064421
    ],
    [
      248.27597726375274,
      274.65774836383963
    ],
    [
      149.03803392923243,
      263.36742768505206
    ],
    [
      404.5923931025962,
      796.8774077548143
    ],
    [
      659.9670644688284,
      171.9862407459145
    ],
    [
      178.71933642312422,
      450.5705677989473
    ],
    [
      890.4628417458862,
      472.3591974593656
    ],
    [
      788.9966539809695,
      688.7400640377216
    ],
    [
      877.9679569973374,
      496.32746722034693
    ],
    [
      377.9219871797023,
      457.60914766939334
    ],
    [
      802.0408353971085,
      278.61194002479107
    ],
    [
      193.2954210919865,
      836.8289189414189
    ]
  ],
  "dist": [
    [
      0.0,
      582.3329450636957,
      544.6718315607394,
      607.8350494112989,
      253.42600089633987,
      600.3956311713057,
      140.19567464006542,
      355.74307869462075,
      449.3817701062812,
      477.92941087562724,
      560.9620862894002,
      701.0733075538101,
      479.4078924704625,
      404.8353259416504,
      381.1679194136359,
      358.91227037119387,
      518.2689520463234,
      381.8368630198273,
      504.9060052805232,
      362.08531058025073,
      324.7861736394295,
      431.14473252502603,
      181.44346799116968,
      195.4123483144294,
      410.76891694545685,
      284.6179567908411,
      658.7938938317532,
      405.93671794197974,
      447.1238566665738,
      238.25768341688965,
      614.7209073775225,
      478.7225156729243,
      303.883747038748,
      521.8031394877279,
      494.607400035252,
      471.1666931723138,
      250.1606599307663,
      434.0243064826208,
      154.4914243135162,
      552.3610707904917,
      198.78779677024218,
      411.7502747009335,
      519.6630050134665,
      438.41689413944397,
      498.9268833111913,
      339.20788677736243,
      191.20959392247119,
      269.69846945225413,
      176.3390372979114,
      424.1566613337935,
      443.54794662528946,
      547.2417876000528,
      348.9167604819823,
      442.35825191798665,
      484.77561001457104,
      447.8027126446417,
      309.7429475670832,
      229.68913465899809,
      492.83233192616984,
      188.4044236697103,
      483.57263372484766,
      348.34772257296817,
      189.190000907652,
      234.28187832354536,
      377.67601073070875,
      495.54699983043497,
      548.0055305735716,
      425.3377800075192,
      589.2380581473095,
      293.3242563876676,
      240.10106154421317,
      628.7467246125851,
      97.50134503943927,
      457.086900235581,
      570.6786334063801,
      324.91586798097836,
      133.79635898426938,
      425.76904592226174,
      519.4804421480655,
      307.75113975275997,
      100.97044919367649,
      142.67626620581493,
      666.2327269142692,
      574.7636453236104,
      609.7669446798303,
      351.2726639536938,
      644.0455991767917,
      400.44900003413386,
      556.9982935684178,
      311.67314639131024,
      380.73566225980545,
      254.93590046138428,
      447.33333174071555,
      247.3254269817656,
      486.9286813500868,
      407.78825762192207,
      471.64594752609315,
      89.74576746288491,
      473.50256228928777,
      365.0603403665293
    ],
    [
      582.3329450636957,
      0.0,
      653.7498491658217,
      764.0532694327338,
      781.7380873953085,
      532.3283434311062,
      534.8243221052219,
      226.9014562479363,
      1031.3781561244668,
      253.21052894920703,
      796.2076476049912,
      118.9157388522178,
      827.483844335742,
      853.0851200584896,
      834.2470887421304,
      678.3788799008504,
      627.1608035602994,
      667.1696085104093,
      447.7394768464045,
      579.711596538106,
      258.08938967407653,
      454.98809751685866,
      454.3292871571111,
      687.8569559414217,
      511.62565952498375,
      824.4828291822968,
      134.9517630869521,
      706.2984532467494,
      1025.1120187582912,
      425.0642410140165,
      223.59528139744071,
      666.182677028795,
      842.5104693929154,
      281.0055790741063,
      447.69524461538384,
      245.01340934857046,
      826.372524424829,
      443.76229226007354,
      736.641940247798,
      613.970894343915,
      779.4832634856436,
      236.1015692617213,
      654.3593163419017,
      977.01988381746,
      609.8065702014666,
      772.0645236222978,
      453.30341358054824,
      389.50604998978355,
      606.0422412302015,
      828.3891497195043,
      792.8645203928169,
      487.489533274756,
      831.0462701348978,
      764.9836633871159,
      1063.7305380018151,
      136.86749932911496,
      727.2433768062743,
      811.3739603319486,
      319.2750319801856,
      635.6583334863104,
      1053.8131730415632,
      614.4287570563583,
      439.64285329329573,
      562.9437479030631,
      818.7042344280853,
      1074.2318696705731,
      512.3090090515108,
      213.82938308280404,
      574.6191000531333,
      323.8684085417582,
      822.431124235496,
      213.01068783547026,
      657.4795791428745,
      651.8862362131398,
      693.0463264667645,
      771.873076563618,
      585.7516264557055,
      556.0230302709715,
      458.9113804378448,
      544.1415627233484,
      682.4601370184224,
      722.4299193727793,
      166.33343630913376,
      89.13431337739034,
      851.9906957716619,
      744.0924433048714,
      66.11784007827502,
      879.2655225821192,
      650.1134728098322,
      621.5340495335666,
      718.2507765249169,
      770.6606575906906,
      202.12372613413135,
      736.1700974622473,
      297.0567752547515,
      517.2572354047443,
      320.0585707496473,
      559.728707898816,
      118.29007135420885,
      939.6969382366567
    ],
    [
      544.6718315607394,
      653.7498491658217,
      0.0,
      110.38999243996773,
      489.42890538895284,
      1012.7438847896784,
      405.992061175207,
      552.7371522149189,
      826.4501394311875,
      400.7316806295064,
      168.36866161407193,
      737.9635812050165,
      1022.0617546970658,
      404.29257042409205,
      922.8977345273053,
      232.1475490122263,
      30.4036912734784,
      906.3830912026558,
      211.38613596169364,
      860.0848781423639,
      522.649880722369,
      853.3288947171384,
      628.2134574605551,
      426.5521992417857,
      867.3088133963162,
      799.6853748567091,
      614.4284064784665,
      205.58258743354935,
      754.3438644415857,
      664.8879291798951,
      836.3304029192655,
      86.45947505625723,
      817.0883723694317,
      382.75880315288595,
      208.9299328630266,
      408.74082534829796,
      615.0528837635627,
      849.3054755468604,
      620.0186975920583,
      51.94720759332347,
      660.9391018513044,
      433.35542200007853,
      1010.6053427203303,
      933.4094168260742,
      51.76147382079016,
      883.7679695736026,
      638.6079150319945,
      365.9889820076676,
      381.38031359148334,
      968.8151501117978,
      270.1351179106369,
      954.272496906577,
      439.2264312877905,
      980.1988005009182,
      884.4958366082071,
      599.8821221685935,
      853.9088128940581,
      672.4848205867121,
      337.7635703556242,
      386.1615731567668,
      918.7352110036829,
      204.17823045672802,
      621.9920423472092,
      310.86860381185045,
      921.0421683208423,
      894.9679249050431,
      967.5427863839407,
      676.8578684494134,
      1026.004779100392,
      623.9842008377525,
      662.4175995755045,
      511.1897139667411,
      513.8546576716668,
      101.13735254580752,
      39.56130261321156,
      377.05829380185475,
      668.8852619827029,
      129.25771038129992,
      919.9974604131751,
      800.8674878955601,
      572.8328440771796,
      630.7745977558238,
      592.8339370879324,
      577.2767165865682,
      214.09674799846607,
      894.6531911320449,
      711.9218832484033,
      935.2825430010996,
      1036.4401495839024,
      246.64615813216477,
      246.3270089758425,
      788.4684656763396,
      457.6842393688895,
      424.0241096517527,
      799.4433440369836,
      867.7793214890204,
      802.7844838373003,
      454.9272632471779,
      628.5297370009936,
      808.3599226628199
    ],
    [
      607.8350494112989,
      764.0532694327338,
      110.38999243996773,
      0.0,
      506.4926975763306,
      1109.3575856814361,
      474.9047306470321,
      656.4460424199987,
      833.8317658430201,
      511.09769503226016,
      97.64966326933104,
      848.0605842185324,
      1087.1084961644738,
      385.8114563226943,
      977.0724448421407,
      259.7047825641578,
      137.38807487185844,
      981.3383507928934,
      321.02958054451307,
      941.6256325258039,
      624.8613152519912,
      946.6420584265124,
      711.8742123803173,
      461.73450829399474,
      956.2636883441509,
      842.5964885361734,
      723.6038048155049,
      218.15566198902624,
      751.6114090677228,
      752.7465822239079,
      944.4180267554854,
      131.67856421558258,
      858.8366110999913,
      492.66811116386,
      318.9984572032917,
      519.0402411900807,
      636.7463234635078,
      943.3655367845519,
      660.6750340685954,
      155.41229687359782,
      697.3927756177646,
      541.952261045714,
      1095.265568482315,
      965.9303404541578,
      156.3160752086879,
      943.1083968381297,
      722.6884294656089,
      462.00615222881504,
      434.7759539541426,
      1028.4648691873695,
      247.26601216251706,
      1050.8122978397435,
      434.8808534976307,
      1049.3901138681645,
      894.0755677225732,
      707.5033990395248,
      916.8208995463052,
      703.9915281517193,
      448.03006541417557,
      432.3990740830732,
      935.3111276947317,
      259.8221808669156,
      707.1239431218207,
      375.8181700488114,
      977.3010710017281,
      904.0248521256286,
      1062.814438731324,
      781.0126715558654,
      1119.7614853633954,
      720.2445308850193,
      690.5745773897911,
      619.146277231548,
      561.6690805179011,
      153.62088389461897,
      71.6317975505926,
      382.59122387524883,
      737.7476858949871,
      225.658422053596,
      1016.7966435082587,
      882.5079518206647,
      619.8522295782909,
      675.0530522987704,
      701.2450635472072,
      687.6200440472473,
      120.53113467088816,
      958.856379927154,
      822.311371267418,
      983.9813377661785,
      1123.6050655317479,
      296.65233605426226,
      256.61383657626726,
      839.0277992537025,
      567.292487127936,
      446.104023974016,
      902.0351446582811,
      956.2218079430564,
      904.036373817234,
      519.314330345293,
      736.5835411964586,
      831.5629937914024
    ],
    [
      253.42600089633987,
      781.7380873953085,
      489.42890538895284,
      506.4926975763306,
      0.0,
      851.9900877700977,
      246.9314549329962,
      566.576604236695,
      338.18772405560645,
      611.1081232228962,
      427.94444570416897,
      899.1166069506805,
      653.7691018030957,
      176.49178845896367,
      515.1013934481925,
      257.351429151201,
      473.39108442861675,
      599.2667847490563,
      551.9777350962717,
      600.0030168895989,
      530.1071379685641,
      683.8476012686665,
      434.11231907651984,
      96.1430390792103,
      659.662028448362,
      359.69202315467015,
      828.9144880605459,
      290.56728043248256,
      278.69192426432596,
      490.98638840324855,
      852.5622638055737,
      404.41824518932646,
      372.62429986051063,
      639.569657901736,
      541.6478758112437,
      608.754920847027,
      130.73003225111117,
      687.0785619800715,
      189.9751419063383,
      519.9329191361339,
      210.23594454436574,
      569.0282365306447,
      753.8105119872254,
      463.74013696808555,
      461.1548826562283,
      499.7721647064008,
      444.2052142430153,
      402.7896572669496,
      180.9457674045866,
      580.1608621705783,
      274.6974630209514,
      799.7915366247375,
      109.4300303881688,
      634.7772146760298,
      395.27867197233945,
      657.4824467442447,
      488.9637104747191,
      206.58345141857149,
      597.4306298971699,
      153.25885285130786,
      430.4638817970481,
      297.02853639818,
      440.7046872173843,
      248.6540977240843,
      521.4841168845832,
      405.84283540284815,
      799.5059648259428,
      659.2635574530851,
      837.764507272692,
      533.9787640873832,
      188.95147961630744,
      770.7382045925651,
      156.10161105839148,
      388.2962310199365,
      499.046620821927,
      127.5416585362857,
      366.5512082524539,
      414.1800880504283,
      772.5769060271325,
      550.8276406762553,
      183.49788543031693,
      213.64423433890624,
      827.3766373733596,
      752.0437000637268,
      460.4320079622019,
      531.9404877256388,
      847.1282880521815,
      507.43561773052744,
      794.8554560196482,
      255.9989118644547,
      250.46270717641613,
      376.3474380253912,
      608.3295051476302,
      66.87503252385976,
      734.9368991710593,
      656.0835930552802,
      721.4871252308063,
      228.2347684540197,
      686.8405016414736,
      325.1825558882771
    ],
    [
      600.3956311713057,
      532.3283434311062,
      1012.7438847896784,
      1109.3575856814361,
      851.9900877700977,
      0.0,
      675.7312335097706,
      473.1690685546215,
      927.8215727795772,
      690.4563039889856,
      1097.2716555275845,
      586.5904936483763,
      456.98107655293796,
      1002.8396918176032,
      558.8016981563283,
      911.4864675177172,
      982.340970507551,
      338.9566212875651,
      857.8242313648116,
      279.3265240444893,
      496.03269340574786,
      171.01909264337715,
      427.806986627457,
      792.7801310054173,
      195.67654512914828,
      655.8235250822047,
      666.9904252190352,
      955.94888835304,
      976.7456865023875,
      374.2160945554951,
      336.8720143406373,
      981.5897471017244,
      665.2557228013986,
      740.7882505548204,
      852.1331297506291,
      678.4668836547586,
      811.6604398568544,
      170.74589714394364,
      697.4614521431714,
      993.1666819809461,
      715.5999622301352,
      618.5984477768542,
      202.42497886598187,
      758.8035542896383,
      961.044229425217,
      507.113247716036,
      416.65369276576314,
      647.634413132038,
      748.273291435646,
      507.8188756708389,
      1017.4359920302968,
      58.54536542161623,
      949.1649348860602,
      402.86606201267324,
      929.0297363494575,
      469.07058278506094,
      474.77346905484086,
      746.4017119064387,
      754.6099522973439,
      770.840320061352,
      886.0293688449569,
      871.752440842374,
      425.9662425126939,
      764.789095956395,
      538.1016618370687,
      936.379826033496,
      52.49229618423025,
      363.15284783508395,
      55.790301971680904,
      389.1734478599512,
      768.8159569918281,
      733.671589542141,
      696.3748379194362,
      960.7116199204263,
      1049.7437520843084,
      919.8978486325822,
      491.17689674850976,
      885.335869815178,
      92.75283142181401,
      310.65858613497625,
      675.0793467883765,
      671.9355528197941,
      698.6153662442493,
      608.0721472691749,
      1153.1316604912456,
      457.5941650854106,
      539.6464866199038,
      613.0718321989059,
      167.416535398442,
      851.3753400455453,
      944.1330715365973,
      593.9641252193165,
      616.9072760746575,
      846.3884941119431,
      242.311261787751,
      200.55299452319028,
      226.53668479818535,
      655.4909073169835,
      455.2789227721034,
      808.9936214427776
    ],
    [
      140.19567464006542,
      534.8243221052219,
      405.992061175207,
      474.9047306470321,
      246.9314549329962,
      675.7312335097706,
      0.0,
      322.6846991249221,
      532.4079249110928,
      378.0125609764701,
      437.54601090141756,
      652.2131821507146,
      616.1472311103897,
      343.95780154542194,
      521.3004351805263,
      239.91220548092824,
      379.00468915124986,
      506.61464414990195,
      371.75683431262246,
      471.75276018308057,
      285.432815783287,
      505.1819484813429,
      251.21191915518665,
      153.7063828446354,
      500.4286124822789,
      415.8396925106135,
      585.7807931039516,
      286.3540054067684,
      503.7518975349327,
      301.83713047454614,
      618.1343128970748,
      344.0000865062008,
      434.69896754256126,
      414.34476915798035,
      361.247932113758,
      373.76228459931724,
      309.76557226087624,
      504.9899858338818,
      254.76988368008236,
      412.26911087263096,
      301.85875495359323,
      326.5731008946568,
      628.3191917230195,
      564.6392890980972,
      359.3614981979879,
      478.96328767377315,
      262.5342146096402,
      162.93865833773503,
      78.57173873778359,
      563.6394833556353,
      341.76369960682354,
      618.8097670469554,
      306.25860311604373,
      575.5500368851098,
      577.7596428747744,
      412.147247164692,
      448.03902867144694,
      325.72189507407984,
      378.4684344957108,
      106.96040772928345,
      589.3639812342993,
      215.64993001738296,
      250.7268767151175,
      99.28699356050029,
      517.853793409443,
      588.8290525414159,
      624.943304737303,
      424.87528466096796,
      674.6207448424536,
      311.4204685782292,
      327.01504962434797,
      536.3418554913143,
      146.90849290832392,
      322.0968894040604,
      433.48872956921167,
      258.16129983793564,
      263.66458185189373,
      285.62219337514637,
      587.3210550092924,
      413.4269795233178,
      196.97228502332155,
      254.91174742681886,
      586.7000782943164,
      506.93699411007566,
      489.9316854469326,
      488.6612708451172,
      600.2805642654088,
      539.2265776814385,
      660.7589383413335,
      184.2300892368604,
      269.61530106310374,
      392.7023585882952,
      365.48968473270764,
      204.8299486612188,
      516.4416475929736,
      499.04822443474853,
      507.8125497237224,
      52.56383427031628,
      442.0803719099052,
      469.7962678034655
    ],
    [
      355.74307869462075,
      226.9014562479363,
      552.7371522149189,
      656.4460424199987,
      566.576604236695,
      473.1690685546215,
      322.6846991249221,
      0.0,
      804.5265672487545,
      226.56652698366747,
      662.9717105037905,
      345.4228155731334,
      646.8228926080579,
      659.0213146127234,
      628.3446284984952,
      507.2642532211376,
      522.7205465649124,
      490.90091300015024,
      384.8451064420717,
      411.5291785248178,
      37.94821088879361,
      334.741034014787,
      237.15064360915224,
      475.98957785501966,
      372.10306613191517,
      602.3612982994971,
      318.96697621754316,
      543.877408578907,
      800.3543493798685,
      221.59981227702357,
      304.89107876302364,
      537.0065181150549,
      620.810691269015,
      279.9316410776582,
      379.4255727381482,
      214.75454190660292,
      601.7259503803957,
      327.04593687042956,
      509.88308544243927,
      527.0515924296161,
      552.5834048422014,
      148.40270012936801,
      526.1846730407236,
      756.7536582466317,
      502.06658183997,
      567.7987712731473,
      238.5188518007935,
      207.94042930195153,
      398.9254806044311,
      633.370055928652,
      622.9439340598566,
      416.2635223187238,
      627.6688733705383,
      587.22854501299,
      836.9734971550247,
      92.52445023331808,
      523.6770928292774,
      584.5121652675318,
      285.1174642566927,
      428.3750301558103,
      828.2514151781395,
      451.2070498534124,
      222.35982232376648,
      372.2051556178199,
      614.8024003737081,
      847.5060467802097,
      434.09952541247173,
      124.6455255101432,
      496.9056936295,
      122.95239923204207,
      595.81461987849,
      324.0847732601598,
      434.02216376811475,
      518.2455813797042,
      591.4046529833996,
      574.400942069572,
      365.3560700215673,
      431.2716172922054,
      381.9280275234483,
      363.1443131788566,
      456.20318336212137,
      495.5285409000284,
      334.6606607980794,
      233.58272648088325,
      720.3001329645178,
      547.0454910072239,
      288.3659299081113,
      669.3228532938864,
      537.2658353352367,
      446.012518078491,
      545.8904208064234,
      551.1981766232975,
      157.28805672486297,
      527.4815475189009,
      247.07881841925098,
      375.5478107918361,
      252.61028658951153,
      339.85473827978603,
      120.49233942233629,
      713.331536307417
    ],
    [
      449.3817701062812,
      1031.3781561244668,
      826.4501394311875,
      833.8317658430201,
      338.18772405560645,
      927.8215727795772,
      532.4079249110928,
      804.5265672487545,
      0.0,
      909.814601853334,
      746.903489175123,
      1149.9352158880097,
      566.4260033314433,
      457.27192208966767,
      410.70189354200755,
      594.4143507962591,
      811.2874561486072,
      600.6762861309652,
      881.7873205605587,
      648.4978046957491,
      774.1518861611501,
      785.7776342886428,
      597.7348051912862,
      417.6893261137173,
      737.577009721263,
      273.2337227508114,
      1105.9790777931566,
      624.0173887741151,
      105.98482929906136,
      646.2168020067799,
      1040.9236382868946,
      740.7118507615925,
      266.59959212044737,
      946.6729705833462,
      871.250825266012,
      904.9845159881768,
      225.48306498388055,
      793.6495081840717,
      294.8915150936778,
      858.0584302349745,
      252.2709617549103,
      852.5175554511502,
      767.1476767939412,
      237.95026458935698,
      799.3153149950534,
      439.3056934928808,
      603.2883524981207,
      694.373161546608,
      493.4064770873214,
      484.272021889651,
      589.3759165365393,
      889.2249764823987,
      399.8984030567431,
      581.7241457336771,
      61.70045428624291,
      896.0442846733479,
      460.14209258215715,
      220.01752393131522,
      909.558674645609,
      472.63279762490305,
      121.75770086429245,
      634.8124399401951,
      610.5300046860879,
      571.5302071647219,
      428.36905890402625,
      70.72981185475734,
      878.8061994761588,
      861.8028931710767,
      894.5890398259266,
      728.0604359968696,
      210.1263025409763,
      1066.8422689068775,
      387.3327082282906,
      725.4727467947952,
      833.7618799652265,
      452.6014124720591,
      473.7051501611281,
      750.8919307067163,
      872.1937603990966,
      624.2206395825167,
      350.7859875967878,
      309.39254882373433,
      1111.2904732391873,
      1022.82998982305,
      768.4035199667974,
      489.10816903213157,
      1092.349187591911,
      369.3402780417731,
      814.0992156217254,
      593.1813086672774,
      583.0623225122583,
      334.0359477821971,
      890.0338667461145,
      404.850085076639,
      896.4501230093639,
      731.5747398128012,
      875.352851706112,
      489.92855101607313,
      920.6316550916781,
      119.83395896540065
    ],
    [
      477.92941087562724,
      253.21052894920703,
      400.7316806295064,
      511.09769503226016,
      611.1081232228962,
      690.4563039889856,
      378.0125609764701,
      226.56652698366747,
      909.814601853334,
      0.0,
      547.4293040700478,
      341.73025549733825,
      857.5958776577273,
      643.4131177587653,
      816.9541869401394,
      452.91881785267236,
      374.558362207613,
      706.9567195535985,
      195.47537056860244,
      632.4203452147625,
      219.6509147103992,
      560.689740931402,
      429.3848808085573,
      515.2275349299751,
      598.4690511285661,
      757.8351567670352,
      232.48204583073277,
      473.1870760564264,
      880.1232639071055,
      432.20461658596975,
      449.8084258631327,
      418.1732936754623,
      777.1244207896983,
      53.77103795649515,
      194.8084803447761,
      12.01070256112419,
      687.7618226421721,
      552.5898735416064,
      623.764067831085,
      360.8667622526004,
      670.7432339254059,
      81.14848563467345,
      752.5878756129592,
      913.6777092597727,
      357.77407060589013,
      760.2146930526034,
      434.6862734447301,
      215.4446966988201,
      430.6166092954925,
      833.7987790611628,
      562.1928187416762,
      635.4480822079888,
      635.0930466730234,
      800.6660342985566,
      953.2202784497364,
      226.50669026704222,
      718.3217423365463,
      698.0356952029633,
      69.20010410741077,
      457.8514271257673,
      959.2150396466855,
      386.17061492186497,
      416.0452115520837,
      366.63460309911056,
      806.3262892100073,
      964.2447070739097,
      655.1991617582507,
      327.62817210141094,
      718.829904276545,
      344.07195103753554,
      702.1771749114463,
      159.64723690495254,
      522.6196609664354,
      405.7217566558871,
      439.94807744699636,
      569.7803044931829,
      538.8383261226105,
      309.5154388192699,
      601.7034974804626,
      580.3246648204507,
      565.060882397524,
      617.7442018439044,
      222.29171796068562,
      178.53510261511855,
      602.2406744407073,
      747.7608869010475,
      311.518956847434,
      850.9665968290708,
      763.7004381469505,
      403.20466969535386,
      492.0400749119102,
      717.11511172093,
      73.65110644152406,
      553.9911266586312,
      452.2315152161733,
      601.7682279439531,
      464.4239104027667,
      420.3598555974805,
      248.82729254244822,
      839.6872793361658
    ],
    [
      560.9620862894002,
      796.2076476049912,
      168.36866161407193,
      97.64966326933104,
      427.94444570416897,
      1097.2716555275845,
      437.54601090141756,
      662.9717105037905,
      746.903489175123,
      547.4293040700478,
      0.0,
      888.9529295171347,
      1036.2541977140318,
      293.3543234671888,
      917.5718650934315,
      202.1201188025563,
      183.6053201311298,
      941.1641560370952,
      370.67512999135397,
      909.2913997743956,
      628.5692603276844,
      930.2970731970356,
      684.9318662210267,
      396.1234711725529,
      933.4009773513503,
      775.6889668052642,
      771.0383334442739,
      155.3106898605947,
      661.1594044301619,
      730.6360162305316,
      961.0168305303736,
      130.0816495638727,
      790.9621263681431,
      537.8236574926829,
      366.15095703811033,
      553.7225598549098,
      558.632620096124,
      928.2279871756139,
      594.3643840347852,
      220.27538454355343,
      627.633535976416,
      564.9732701539274,
      1065.6098535277958,
      891.2300484620703,
      194.78301018191033,
      888.1972153722194,
      696.0986134811197,
      458.57517570848984,
      384.65662608963055,
      973.1680288155886,
      157.54320152848993,
      1038.9734569809327,
      347.0243215281915,
      1002.7549490439545,
      807.7896703678538,
      724.3788753474715,
      865.3074810153606,
      630.9151781371451,
      490.4662957157924,
      376.39139461585285,
      852.047305073202,
      226.2911949520851,
      682.1189238480368,
      339.544157137986,
      919.504994261791,
      817.4658609309745,
      1048.7414087439802,
      786.9941926781498,
      1102.8603460844713,
      711.228769399922,
      615.5815270525161,
      671.7118152652213,
      502.6929012411388,
      145.99363080065459,
      141.89986874420705,
      301.02516482686957,
      693.9843675346261,
      240.41938366467565,
      1005.6474737189006,
      850.8678936609094,
      558.9923722375523,
      611.1566543498656,
      751.8790773447587,
      725.9638204654735,
      57.3324061110113,
      908.158735736449,
      857.6267444622555,
      920.1604967954447,
      1097.0544984294454,
      253.31684637555293,
      186.30518282420462,
      777.8575163285583,
      594.9511093331171,
      372.1570000699771,
      903.1783048708734,
      932.6467608987607,
      902.2567749374008,
      475.95223347595095,
      754.7426120879984,
      752.3617470138379
    ],
    [
      701.0733075538101,
      118.9157388522178,
      737.9635812050165,
      848.0605842185324,
      899.1166069506805,
      586.5904936483763,
      652.2131821507146,
      345.4228155731334,
      1149.9352158880097,
      341.73025549733825,
      888.9529295171347,
      0.0,
      924.1642870290884,
      964.8845003063122,
      941.6685028516108,
      784.918996115563,
      713.3623243663906,
      764.2038370053907,
      527.2103449994902,
      675.4616931164632,
      377.0000306770871,
      538.3867552382595,
      568.7270963259009,
      804.728850817335,
      599.1663476298163,
      939.4604498541605,
      135.60949125781968,
      809.9216769759109,
      1144.0044905749871,
      535.7928234292494,
      251.51368659654003,
      759.8858083403215,
      957.2358541880329,
      355.51235874959013,
      529.0720245116155,
      336.16017185274507,
      945.2680855450647,
      526.5757817822382,
      855.2992249530537,
      694.2568555607528,
      897.9098714291683,
      343.12047870010787,
      732.5724618372205,
      1090.7619015702128,
      697.6756104949712,
      879.1577089910039,
      566.9543119558155,
      503.2117659812782,
      722.2063932437019,
      931.1554893291171,
      897.8429676264858,
      549.8025199486851,
      945.4875934082187,
      861.1797129230788,
      1181.712538980689,
      254.2221071689489,
      834.3648190209716,
      929.9179177146893,
      400.3740183081133,
      751.7330296852687,
      1170.6624756187857,
      719.6109570255787,
      554.2008809951681,
      675.8450720555243,
      925.3454618513382,
      1192.1657619986613,
      575.9746853326271,
      315.74232928866957,
      634.7043201678448,
      436.5244062985536,
      941.1727303122685,
      245.60185388804956,
      776.311343116476,
      747.3673800986916,
      776.4464453263759,
      884.9871815243147,
      700.5526888416674,
      651.1170212241456,
      525.5924183090772,
      645.276046597282,
      801.2990790898665,
      840.8226238305483,
      168.0947592592225,
      163.5147078184848,
      943.380422062098,
      848.4094408640593,
      60.18866518838309,
      988.2736683986205,
      722.1029345952595,
      729.9923273700641,
      824.7067073761931,
      884.434817755372,
      305.7864462079131,
      852.2128846260575,
      371.01328437054246,
      605.361878374299,
      396.9533455540077,
      678.2234669794542,
      231.985381165805,
      1057.2560483896177
    ],
    [
      479.4078924704625,
      827.483844335742,
      1022.0617546970658,
      1087.1084961644738,
      653.7691018030957,
      456.98107655293796,
      616.1472311103897,
      646.8228926080579,
      566.4260033314433,
      857.5958776577273,
      1036.2541977140318,
      924.1642870290884,
      0.0,
      830.1581856359965,
      157.1293432739884,
      834.6031622822252,
      994.7172246302995,
      160.34135057357355,
      950.7002631202128,
      248.70985074006697,
      641.5316217826335,
      396.2573052315503,
      430.4913919633648,
      646.450566840668,
      331.90764328533555,
      317.10532336783615,
      950.3742997497467,
      881.0294744918561,
      647.8378231279366,
      426.90619235867524,
      715.5780080199345,
      958.098642452163,
      314.0485055920673,
      910.4847534506628,
      941.3905677567766,
      847.0808402894723,
      553.0035115528318,
      408.22943377459313,
      463.799284161325,
      1025.5907557560233,
      450.14739971397347,
      776.939565888598,
      256.219708953001,
      346.05087910351756,
      974.7079986592506,
      154.05993341508992,
      423.999608031347,
      699.1170068988481,
      653.3073234061827,
      82.64770849812773,
      905.5362921918719,
      445.8041389495193,
      763.0703757325923,
      63.069286445447084,
      545.2558723671992,
      706.1008101420844,
      170.947175636263,
      466.91553186781374,
      898.9293889002372,
      659.862804835936,
      486.437450549606,
      827.7546975150564,
      442.89036896669967,
      713.2165772113449,
      142.207017459288,
      549.3655852785747,
      423.92662681496734,
      613.6657463521336,
      406.67419987826923,
      524.1906021744073,
      490.97159040839057,
      970.7718768489502,
      535.6257615748801,
      936.4249572927063,
      1049.4046299529894,
      767.474175045546,
      353.71067282276965,
      899.1596552081207,
      448.3032819131945,
      285.5819773570574,
      483.0835404742363,
      440.7368290113659,
      972.5102998386737,
      869.2731421974133,
      1082.0867526539496,
      128.30009709887344,
      865.5537786479714,
      198.2645308232887,
      298.7917151929638,
      790.6070099428125,
      851.7981788089628,
      280.25202815854374,
      798.3335531746659,
      684.6949977225344,
      563.4877195383352,
      325.0462687749339,
      536.4593474260232,
      568.599692924412,
      713.1976465773379,
      451.95369582791784
    ],
    [
      404.8353259416504,
      853.0851200584896,
      404.29257042409205,
      385.8114563226943,
      176.49178845896367,
      1002.8396918176032,
      343.95780154542194,
      659.0213146127234,
      457.27192208966767,
      643.4131177587653,
      293.3543234671888,
      964.8845003063122,
      830.1581856359965,
      0.0,
      691.0729219898348,
      199.63527507946486,
      398.3741662786129,
      770.4326561291672,
      531.2502024792209,
      764.0580165027466,
      621.0847051867742,
      832.2582583322974,
      576.115269818063,
      210.15114665214747,
      815.4121210341999,
      533.6548173050011,
      874.1962000504257,
      203.54550238536774,
      368.1428636840631,
      631.6912876124582,
      960.1063151707581,
      319.6615939152054,
      545.497226908433,
      658.4372881620443,
      522.2665839201563,
      644.3735608725037,
      294.43168784134565,
      833.9818414971766,
      366.37531457881636,
