{
  "name": "medium_uniform_n50_seed43",
  "n": 50,
  "seed": 43,
  "points": [
    [
      38.551839337380045,
      696.2243226370528
    ],
    [
      143.93322139536102,
      462.53225482908755
    ],
    [
      671.646764117767,
      792.9512716552944
    ],
    [
      453.18922846621234,
      498.27222979805117
    ],
    [
      19.157108024347778,
      432.3888389514402
    ],
    [
      372.3746808209262,
      852.288633190853
    ],
    [
      546.9839042910056,
      755.316838254966
    ],
    [
      434.06813885223414,
      176.18810428468956
    ],
    [
      850.8752517946389,
      820.2199870687111
    ],
    [
      375.8582856764489,
      95.74311346274311
    ],
    [
      512.430346269225,
      495.9772387795468
    ],
    [
      772.3009913180158,
      597.216918902103
    ],
    [
      506.6760128135681,
      575.1589252191758
    ],
    [
      376.925185796109,
      48.91974165490165
    ],
    [
      61.210678418125,
      941.9036139652794
    ],
    [
      839.0982014367439,
      296.15978356658945
    ],
    [
      888.7522747892508,
      522.2527282202396
    ],
    [
      103.04071000390813,
      855.6880042968472
    ],
    [
      584.3770627229476,
      932.7872592937306
    ],
    [
      679.2516787427608,
      94.0987083673126
    ],
    [
      622.7476630912801,
      786.8861306245956
    ],
    [
      898.9132473125744,
      331.27498872714
    ],
    [
      528.8914193519219,
      701.155144265214
    ],
    [
      166.81831424190142,
      848.359712065395
    ],
    [
      780.8652767504906,
      50.09724852730635
    ],
    [
      591.4083366701532,
      368.05212295270184
    ],
    [
      186.00798898847282,
      604.4803639527493
    ],
    [
      969.174444625881,
      551.9698237080588
    ],
    [
      113.30186796937969,
      494.92811336641364
    ],
    [
      779.1324014110544,
      955.2288380382354
    ],
    [
      715.1781129389509,
      41.34301448660216
    ],
    [
      966.5549428382835,
      601.8612963978585
    ],
    [
      83.64810316354887,
      127.1567318213358
    ],
    [
      86.22779602940022,
      664.8035699957478
    ],
    [
      154.10452018745647,
      807.469124403023
    ],
    [
      108.94077040305771,
      535.1887898500576
    ],
    [
      443.07665219263214,
      37.974015970284825
    ],
    [
      2.5194667708579033,
      903.5302459556268
    ],
    [
      976.6076566881776,
      124.3198225351727
    ],
    [
      734.5907167870697,
      989.1829324729763
    ],
    [
      903.8180546589975,
      885.0389926182971
    ],
    [
      337.64102398262264,
      717.2790134872745
    ],
    [
      498.1113542540818,
      937.3442065286496
    ],
    [
      703.0194435733146,
      843.6848472059623
    ],
    [
      857.2114404307897,
      385.59491997321413
    ],
    [
      712.364264081486,
      92.95297203761099
    ],
    [
      206.09379446103105,
      936.571610512614
    ],
    [
      404.6602710633601,
      685.0470895708073
    ],
    [
      575.6308764477254,
      260.3207498360556
    ],
    [
      586.3238156490229,
      912.4537617002851
    ]
  ],
  "dist": [
    [
      0.0,
      256.3536975368461,
      640.4414777706556,
      459.4662071610005,
      264.547383382119,
      368.50204683933816,
      511.8545594942582,
      653.3535119521059,
      821.7324693743423,
      688.7331277885014,
      514.4509052624843,
      740.3987331341388,
      483.5256686513268,
      730.4106667855812,
      246.72198356860451,
      894.9447543240801,
      867.8173172427933,
      172.01011658719514,
      594.8841882951135,
      879.2334954798939,
      591.1889071346551,
      934.563945727818,
      490.3643713920966,
      198.99111864840992,
      984.1287696545049,
      642.9209121569528,
      173.66712419163463,
      941.7365841546203,
      214.7271073879907,
      784.565426156137,
      941.6435853829162,
      932.788368724829,
      570.851640908462,
      57.09869125510194,
      160.39896499538156,
      175.74710363633343,
      772.614904362109,
      210.41406254273778,
      1098.6462004223445,
      755.1786980565731,
      885.6278016057997,
      299.8293520964124,
      518.9737432263519,
      680.63338397788,
      875.610740147535,
      904.4111378093517,
      292.9797356743183,
      366.2790115743377,
      691.7122356038311,
      588.9051777238533
    ],
    [
      256.3536975368461,
      0.0,
      622.622124448714,
      311.31434872197684,
      128.3655093424583,
      451.769338112008,
      498.1693138627777,
      407.6410711382005,
      792.279968281275,
      433.9625671253765,
      370.0117538562128,
      642.6398781697503,
      379.82509081027075,
      474.7215673735348,
      486.45649248077723,
      714.796578524217,
      747.2094467019493,
      395.27666365149344,
      644.306252171622,
      649.8531595177488,
      578.3326951851698,
      766.3049715606143,
      452.9168770721715,
      386.50556817726374,
      758.8050326414949,
      457.34065433718854,
      148.052530379583,
      830.0735842357507,
      44.58443072506166,
      803.8830271865291,
      709.7331204720036,
      834.3375086942871,
      340.75069612980485,
      210.3416293935104,
      345.08679967594276,
      80.64393162353997,
      519.3616181159808,
      463.116700384085,
      898.7404322430236,
      791.3515104712782,
      869.4463199654045,
      320.0290984114383,
      592.3584550523753,
      676.6496157575413,
      717.4156195993211,
      678.0137878818523,
      478.09752936059544,
      342.7702526601661,
      476.7099308062054,
      630.982408811337
    ],
    [
      640.4414777706556,
      622.622124448714,
      0.0,
      366.82343517399914,
      745.4850898483684,
      305.0978569489351,
      130.2197342861308,
      660.9390348648514,
      181.29101917976115,
      757.3572735696672,
      336.9620808266223,
      220.09818332051282,
      273.2194263811088,
      800.2772809240148,
      628.3462540701041,
      524.2535326515036,
      347.0050492165582,
      572.0565902054362,
      164.83356521157285,
      698.8939404091553,
      49.273806600676224,
      514.5823982629923,
      169.72217728697447,
      507.86007824276663,
      750.8400516615651,
      432.4089404804829,
      520.9283088480626,
      382.87697622511143,
      632.9034886390125,
      194.64627090061077,
      752.8678174648925,
      351.40605077337466,
      888.2706764025627,
      599.280570049015,
      517.7458278932104,
      618.9341906768873,
      788.8187070976049,
      678.2028086141287,
      734.8939792581073,
      206.07961055111974,
      249.76720462010286,
      342.47061932299107,
      225.75176215900998,
      59.65015259306442,
      447.6309264906654,
      701.1815273315061,
      487.202595733743,
      287.967185604216,
      541.2155979445721,
      146.83613541071244
    ],
    [
      459.4662071610005,
      311.31434872197684,
      366.82343517399914,
      0.0,
      439.00398946331745,
      363.1234018653813,
      273.62268171671496,
      322.6512048260981,
      511.6683804598302,
      409.88994158241746,
      59.2855549212912,
      334.09933955678974,
      93.66109134854945,
      455.7783044472681,
      591.9932336741119,
      435.63192759580414,
      436.22268582317207,
      500.3498984130213,
      453.8871651794131,
      463.0987657625106,
      334.7357861102063,
      475.98107052891095,
      216.54629686879085,
      452.293649915578,
      555.1868212198783,
      189.8994420726583,
      287.5169255704497,
      518.7717946140327,
      339.90381130580494,
      561.2916299070604,
      526.7091069958886,
      523.7127565868204,
      523.7245040366779,
      402.98062008503337,
      430.17947691579445,
      346.22223106688705,
      460.4092851495516,
      606.0835699526274,
      643.2785196942724,
      565.8446037826837,
      593.847512260799,
      247.61938304841914,
      441.36401998284407,
      426.29216817230525,
      419.44025070337756,
      481.0981186802257,
      503.1525619938531,
      192.97644402812634,
      267.6057995943525,
      435.0530538603523
    ],
    [
      264.547383382119,
      128.3655093424583,
      745.4850898483684,
      439.00398946331745,
      0.0,
      548.706197281029,
      618.7759041780004,
      487.63713962991176,
      917.6971559979137,
      490.47535578070284,
      497.3549760093755,
      770.969522667977,
      507.99407482743095,
      524.448802128409,
      511.24730682935393,
      831.180938302464,
      874.2260992760365,
      431.53058068135044,
      754.8987854477889,
      741.7311202467861,
      699.992777083885,
      885.5477826309022,
      576.2502885175961,
      441.4018567029468,
      852.2594642555445,
      575.856476660753,
      239.69712024924456,
      957.5137345014084,
      113.02387654588314,
      922.4554792526795,
      798.3495951735174,
      962.4362686656513,
      311.9707160570171,
      241.89891358968302,
      398.61764208820557,
      136.48786002752152,
      579.0257615297459,
      471.4350819575952,
      1005.7922608632238,
      906.5676539165295,
      993.7389758458426,
      427.31067886395675,
      695.9720491704587,
      798.0176065655393,
      839.3597172360297,
      771.8502892118188,
      537.7225975119826,
      460.92177245072963,
      582.4692972467604,
      743.0615077445932
    ],
    [
      368.50204683933816,
      451.769338112008,
      305.0978569489351,
      363.1234018653813,
      548.706197281029,
      0.0,
      199.72959203360892,
      678.9094254398408,
      479.5739718607299,
      756.5535400244091,
      382.84905538801485,
      474.34442471480185,
      307.9573392784542,
      803.381779095862,
      323.8114901768177,
      726.0235134487247,
      612.8372688750967,
      269.3554223697355,
      226.7708948180551,
      817.9397618146728,
      258.7742599117622,
      740.7415741811986,
      217.5748627834023,
      205.5939110537578,
      900.2086339239971,
      531.4703568801375,
      310.0668994384231,
      668.1027955388397,
      441.39014883434584,
      419.58137355428187,
      880.4243235892096,
      644.7976696485862,
      780.4993984811985,
      342.09748405559407,
      222.82426122606813,
      412.2496037654937,
      817.3781649731817,
      373.3879781658173,
      946.0634642627523,
      387.221520433679,
      532.4515429961856,
      139.40596949150327,
      151.80303554888917,
      330.7566843902887,
      672.9559461256439,
      831.9756985782218,
      186.42144038402031,
      170.32936696212428,
      625.890610238114,
      222.24777835165776
    ],
    [
      511.8545594942582,
      498.1693138627777,
      130.2197342861308,
      273.62268171671496,
      618.7759041780004,
      199.72959203360892,
      0.0,
      590.0339486797678,
      310.74486289159006,
      681.4113851283246,
      261.63137470119176,
      275.25147448418704,
      184.61202491920247,
      726.5788503811044,
      520.3751068651492,
      544.2021347505479,
      413.67196963210455,
      455.14825137139485,
      181.36702743661178,
      674.3175657288974,
      82.07781288670718,
      551.0587560601614,
      57.10365230972986,
      391.38580994242363,
      742.9906904660253,
      389.80442520622205,
      391.22276698631003,
      468.6094969944529,
      505.8481952890197,
      306.36209356322655,
      733.5174932127572,
      446.75324253361583,
      780.5544080466984,
      469.5623952483263,
      396.32571378104257,
      490.24294471305586,
      724.8292500458206,
      564.2771818409575,
      763.3700298486388,
      299.8160538058638,
      379.6820356581419,
      212.77057514813362,
      188.4741068363367,
      179.3209260657672,
      482.63383743506785,
      682.6979966828898,
      386.0820630980724,
      158.7257198920584,
      495.824340430933,
      161.9865467732328
    ],
    [
      653.3535119521059,
      407.6410711382005,
      660.9390348648514,
      322.6512048260981,
      487.63713962991176,
      678.9094254398408,
      590.0339486797678,
      0.0,
      767.1409488755728,
      99.29644281186273,
      329.2502484315439,
      540.0617790820634,
      405.5238825498726,
      139.5082549903113,
      851.6706684903377,
      422.4246150817101,
      571.4003740044674,
      755.8434181538303,
      771.3851527969454,
      258.56070303766063,
      639.1807586610608,
      490.03358720150135,
      533.4621332303128,
      723.3513247798417,
      369.0083451089576,
      248.12847379698536,
      494.9425195333337,
      653.8735803895914,
      452.2014970403241,
      852.0409674085663,
      311.778793014677,
      681.7183163910827,
      353.83368536319375,
      599.7816081101028,
      690.5761030744699,
      484.34419367954723,
      138.5073554768345,
      845.7309545154801,
      545.013254027189,
      866.7608727379779,
      850.3731917762964,
      549.6158299246458,
      763.8456293140815,
      719.6434576383497,
      472.12442017714795,
      290.47688472201037,
      793.8232663786512,
      509.70804348597966,
      164.67638180079655,
      751.8436735162884
    ],
    [
      821.7324693743423,
      792.279968281275,
      181.29101917976115,
      511.6683804598302,
      917.6971559979137,
      479.5739718607299,
      310.74486289159006,
      767.1409488755728,
      0.0,
      866.3185664003786,
      468.69853199494526,
      236.44086537899724,
      422.52578637282016,
      905.2804723594857,
      798.9850083077997,
      524.1925178880538,
      300.3650382727763,
      748.6751512782079,
      289.29686405952026,
      746.1278457543635,
      230.55008721109985,
      491.2991557255317,
      343.2929145006072,
      684.6354781465235,
      773.2984087816263,
      521.3241385006557,
      698.993606647143,
      293.1771634482128,
      806.1199039995196,
      152.88697269967966,
      790.6092915671376,
      247.1078888085975,
      1033.9120723594833,
      780.2819966550874,
      696.8873918526059,
      794.8015840860494,
      882.1612421417514,
      852.4365883859751,
      707.167361123319,
      205.11111623120593,
      83.69255555646276,
      523.4560312382412,
      371.6994083827743,
      149.7061778486172,
      434.67125075647476,
      740.3395199970887,
      655.1952594450627,
      466.2397679810189,
      623.8963231289491,
      280.16875548407586
    ],
    [
      688.7331277885014,
      433.9625671253765,
      757.3572735696672,
      409.88994158241746,
      490.47535578070284,
      756.5535400244091,
      681.4113851283246,
      99.29644281186273,
      866.3185664003786,
      0.0,
      422.8939380065217,
      639.2517472782057,
      496.94345583315726,
      46.83552522733885,
      902.7683586414021,
      504.73563497054494,
      667.0612382297678,
      807.4315244655123,
      862.6256328505981,
      303.3978494063653,
      733.9162314950335,
      573.639047797247,
      624.454055189737,
      781.1078377212597,
      407.5711076665678,
      347.2952938535029,
      543.0071133867804,
      748.4429675077259,
      477.7913107490156,
      949.3922915057751,
      343.6529003836111,
      777.8676981850506,
      293.8938689095124,
      638.52613393873,
      745.4720968336175,
      514.1570406551148,
      88.63169535892393,
      889.8887150216577,
      601.4286616652037,
      962.768750699551,
      949.5943884185738,
      622.709751096511,
      850.4341318564161,
      816.3646613562046,
      561.8851567085039,
      336.51754544377553,
      857.7951643188335,
      590.007398783271,
      258.8337041764349,
      843.3931599504602
    ],
    [
      514.4509052624843,
      370.0117538562128,
      336.9620808266223,
      59.2855549212912,
      497.3549760093755,
      382.84905538801485,
      261.63137470119176,
      329.2502484315439,
      468.69853199494526,
      422.8939380065217,
      0.0,
      278.8946485492185,
      79.3905020826964,
      467.1424346494301,
      634.389092546478,
      382.93459364169405,
      377.23811476357923,
      544.9694570436867,
      442.6955206799297,
      435.1272344665902,
      311.12359882421646,
      420.11410827441745,
      205.83716823382326,
      493.57986604105645,
      520.4481507410895,
      150.34080692573392,
      343.9832605012556,
      460.163385060797,
      399.12985713183934,
      531.0762823159574,
      497.7940686549099,
      466.30524644992806,
      565.581805184402,
      458.42223325538293,
      474.7889978152933,
      405.39040882834763,
      463.2244455830673,
      652.769912518235,
      594.634182129834,
      540.9316837829367,
      551.8635579368165,
      282.0031607521441,
      441.59917770798353,
      396.5158067073812,
      362.01969448678983,
      449.8912436074244,
      536.6241546712098,
      217.62765814139362,
      243.98419579148427,
      422.98101489444116
    ],
    [
      740.3987331341388,
      642.6398781697503,
      220.09818332051282,
      334.09933955678974,
      770.969522667977,
      474.34442471480185,
      275.25147448418704,
      540.0617790820634,
      236.44086537899724,
      639.2517472782057,
      278.8946485492185,
      0.0,
      266.5392734491568,
      675.9821167526147,
      790.2267717899969,
      308.3784460951693,
      138.4937951920038,
      717.4375416228062,
      384.6074054008283,
      511.65037705688945,
      241.5380049994731,
      294.5433305868876,
      264.6722018201948,
      655.5013156334,
      547.1866963806732,
      291.95659987073685,
      586.3379931529197,
      202.00607971262423,
      666.8904290152834,
      358.0770900342493,
      558.8012355430533,
      194.3094643180347,
      833.7861715343416,
      689.3942157427671,
      652.9723323666,
      666.2539091713002,
      648.9539967918779,
      828.4874470169996,
      515.1435501556329,
      393.7758507067712,
      316.44633679049923,
      450.9370175093011,
      436.88274040232284,
      256.0202580662274,
      228.02117182224896,
      507.8134887723852,
      660.1152903021633,
      377.9865580533992,
      390.1001958657186,
      366.00789189193887
    ],
    [
      483.5256686513268,
      379.82509081027075,
      273.2194263811088,
      93.66109134854945,
      507.99407482743095,
      307.9573392784542,
      184.61202491920247,
      405.5238825498726,
      422.52578637282016,
      496.94345583315726,
      79.3905020826964,
      266.5392734491568,
      0.0,
      541.9990363737821,
      577.0104252710867,
      433.98736448415434,
      385.72183713940905,
      491.5465612558106,
      365.971964076432,
      511.0785582554466,
      241.45607780087107,
      461.87598184607936,
      127.93971823308648,
      436.05266334678333,
      592.3423982704164,
      223.76951144242497,
      322.00578919221084,
      463.07940340479587,
      401.47254078261676,
      467.6383456452989,
      573.090352656492,
      460.6534998317513,
      616.1644079563022,
      429.89866868147476,
      422.22587090021267,
      399.73858304743754,
      540.9366925954747,
      601.6656440249157,
      651.2231924798209,
      472.61082390252545,
      503.73351841270284,
      220.84145203835718,
      362.28653214474207,
      332.65133936504924,
      398.5092195918175,
      524.2425373750166,
      470.0731848135417,
      149.9420562397899,
      322.3008685954439,
      346.5711748159875
    ],
    [
      730.4106667855812,
      474.7215673735348,
      800.2772809240148,
      455.7783044472681,
      524.448802128409,
      803.381779095862,
      726.5788503811044,
      139.5082549903113,
      905.2804723594857,
      46.83552522733885,
      467.1424346494301,
      675.9821167526147,
      541.9990363737821,
      0.0,
      947.1514379313164,
      524.1483899725837,
      697.144952788196,
      851.9904551614836,
      907.8865953286752,
      305.68357393000855,
      777.8322965733067,
      593.4610534103667,
      669.7049772544444,
      826.5888722721996,
      403.9418071983496,
      384.51072651053903,
      587.4495562044943,
      777.0576359821081,
      518.0933519538029,
      991.5476904717706,
      338.3377742955751,
      808.3363244041258,
      303.53331584484795,
      681.0417479339682,
      790.5986434910187,
      555.2235893099089,
      67.05091660203615,
      933.0266644099487,
      604.4040354696252,
      1005.9917992043637,
      988.2871531544638,
      669.5127792758611,
      896.6516141800727,
      859.0628835870256,
      586.5364968070417,
      338.3168642247679,
      903.9409297913597,
      636.7316842448674,
      290.1281402369377,
      888.5599529350952
    ],
    [
      246.72198356860451,
      486.45649248077723,
      628.3462540701041,
      591.9932336741119,
      511.24730682935393,
      323.8114901768177,
      520.3751068651492,
      851.6706684903377,
      798.9850083077997,
      902.7683586414021,
      634.389092546478,
      790.2267717899969,
      577.0104252710867,
      947.1514379313164,
      0.0,
      1010.9866927739527,
      927.8641924500954,
      95.82735983510696,
      523.2458060883802,
      1049.1653044388447,
      582.5411618908129,
      1036.6353803978427,
      526.0086511677432,
      141.0795319206248,
      1145.9586966102252,
      781.2906568961981,
      359.7621691821005,
      988.1531063203388,
      450.0006557378238,
      718.0453759629198,
      1112.961274594559,
      967.0972106541826,
      815.0557772278434,
      278.22704854397733,
      163.40715352312466,
      409.5059338226566,
      981.2799498910313,
      70.12256196851718,
      1227.3527951795977,
      675.0377841516085,
      844.5239935350936,
      356.18807825194114,
      436.9244657170035,
      649.2806921307227,
      971.1315956840763,
      1069.9150361368197,
      144.98119731579476,
      428.8739871013233,
      853.922327155936,
      525.9383050234179
    ],
    [
      894.9447543240801,
      714.796578524217,
      524.2535326515036,
      435.63192759580414,
      831.180938302464,
      726.0235134487247,
      544.2021347505479,
      422.4246150817101,
      524.1925178880538,
      504.73563497054494,
      382.93459364169405,
      308.3784460951693,
      433.98736448415434,
      524.1483899725837,
      1010.9866927739527,
      0.0,
      231.48120144550546,
      924.582316772264,
      685.6948310716399,
      257.64236632985245,
      536.3020633367605,
      69.36077671562843,
      510.14653761329134,
      869.9913837279058,
      252.85933771065936,
      257.9123447423562,
      722.2107766333776,
      286.98189085616485,
      752.5218711812176,
      661.7914442895665,
      283.3509734192993,
      331.20784392285384,
      774.1232992748565,
      838.2792426220782,
      854.7827708710784,
      768.2868864809384,
      472.7504183551819,
      1033.8098751113998,
      220.08594341943984,
      700.8586870888638,
      592.4250013752584,
      654.8287613027125,
      726.2158730024855,
      564.1818179053214,
      91.25093452084195,
      239.48799370603155,
      900.4564883119111,
      583.069165809964,
      265.89371499831924,
      666.1179757326894
    ],
    [
      867.8173172427933,
      747.2094467019493,
      347.0050492165582,
      436.22268582317207,
      874.2260992760365,
      612.8372688750967,
      413.67196963210455,
      571.4003740044674,
      300.3650382727763,
      667.0612382297678,
      377.23811476357923,
      138.4937951920038,
      385.72183713940905,
      697.144952788196,
      927.8641924500954,
      231.48120144550546,
      0.0,
      853.5348536349967,
      511.0605354790548,
      476.66168763605833,
      375.2189908742546,
      191.24785579063095,
      401.8779786736457,
      792.1706939190356,
      484.3246858770255,
      334.94961442140635,
      707.5386316688325,
      85.73698831580197,
      775.9316774136842,
      446.6372446545148,
      511.27501642990853,
      111.31387731472911,
      896.8241597657537,
      815.086671158151,
      788.070882594296,
      779.9187932493666,
      658.1433215610094,
      964.769991002324,
      407.51584699931203,
      491.72106077446205,
      363.0989553262043,
      584.6014563022445,
      570.001108911926,
      371.23482017065595,
      140.2504216995752,
      464.1239176986109,
      798.5503972749854,
      510.73189851318966,
      408.23200682896595,
      493.67987545253254
    ],
    [
      172.01011658719514,
      395.27666365149344,
      572.0565902054362,
      500.3498984130213,
      431.53058068135044,
      269.3554223697355,
      455.14825137139485,
      755.8434181538303,
      748.6751512782079,
      807.4315244655123,
      544.9694570436867,
      717.4375416228062,
      491.5465612558106,
      851.9904551614836,
      95.82735983510696,
      924.582316772264,
      853.5348536349967,
      0.0,
      487.472029525738,
      955.0064587056003,
      524.2413708476014,
      953.1118017006445,
      453.02233000345893,
      64.19724814482053,
      1052.816512535082,
      690.1388929410531,
      264.5540548722553,
      917.8411515455005,
      360.9057914012059,
      683.3800939240963,
      1018.7590306353643,
      900.0471254053192,
      728.7893304480059,
      191.62343628785322,
      70.23227953495815,
      320.5535168637569,
      885.596188273813,
      111.32565035990184,
      1139.3062045089787,
      645.5046916301703,
      801.315066767312,
      272.3864094550898,
      403.42105709936396,
      600.0987889636983,
      888.6849827478366,
      976.2376365359149,
      131.0041830270856,
      346.5439097607056,
      760.1339573414517,
      486.60549875188747
    ],
    [
      594.8841882951135,
      644.306252171622,
      164.83356521157285,
      453.8871651794131,
      754.8987854477889,
      226.7708948180551,
      181.36702743661178,
      771.3851527969454,
      289.29686405952026,
      862.6256328505981,
      442.6955206799297,
      384.6074054008283,
      365.971964076432,
      907.8865953286752,
      523.2458060883802,
      685.6948310716399,
      511.0605354790548,
      487.472029525738,
      0.0,
      844.0377232209245,
      150.86232902734122,
      678.7856974468268,
      238.18499812725528,
      426.0085904815188,
      904.2949039768852,
      564.7789063265739,
      516.2202402429582,
      541.3787439172314,
      643.142651971016,
      196.04404200093663,
      900.9893208786443,
      505.5412198505797,
      948.5620895528594,
      565.6570954536651,
      448.1507511903127,
      619.7775495763259,
      905.900958407187,
      582.5926834389625,
      898.5902487459286,
      160.45128176688414,
      322.9898516975353,
      327.6010940516577,
      86.38598396578683,
      148.37538331442312,
      611.4393296724415,
      849.5306667581727,
      378.30219714015004,
      306.0609692508315,
      672.523384066718,
      20.42647721311328
    ],
    [
      879.2334954798939,
      649.8531595177488,
      698.8939404091553,
      463.0987657625106,
      741.7311202467861,
      817.9397618146728,
      674.3175657288974,
      258.56070303766063,
      746.1278457543635,
      303.3978494063653,
      435.1272344665902,
      511.65037705688945,
      511.0785582554466,
      305.68357393000855,
      1049.1653044388447,
      257.64236632985245,
      476.66168763605833,
      955.0064587056003,
      844.0377232209245,
      0.0,
      695.0878478456041,
      323.27046365524086,
      625.4004508865845,
      911.8649103640896,
      110.7314398358849,
      287.69241580111094,
      709.773746936695,
      541.942034207255,
      693.5152487338395,
      866.9032581481055,
      63.82689018656956,
      583.4089572190502,
      596.5202864592526,
      823.0318126018951,
      885.8198962620293,
      720.9819638199778,
      242.75218693683266,
      1055.0572973838753,
      298.8877604744331,
      896.7932746037446,
      822.2022807333855,
      710.6697771363708,
      862.4817605753905,
      749.9628565362927,
      341.5255746802172,
      33.13240135504156,
      966.249954363305,
      651.6290589118826,
      195.8750564474796,
      823.6143400006952
    ],
    [
      591.1889071346551,
      578.3326951851698,
      49.273806600676224,
      334.7357861102063,
      699.992777083885,
      258.7742599117622,
      82.07781288670718,
      639.1807586610608,
      230.55008721109985,
      733.9162314950335,
      311.12359882421646,
      241.5380049994731,
      241.45607780087107,
      777.8322965733067,
      582.5411618908129,
      536.3020633367605,
      375.2189908742546,
      524.2413708476014,
      150.86232902734122,
      695.0878478456041,
      0.0,
      532.7747577817404,
      127.11725496963146,
      460.05496666961113,
      753.5642219024577,
      420.00485635648295,
      473.30054579576637,
      418.5656295250802,
      587.1750182089784,
      229.77261263844875,
      751.250907540079,
      390.4326252859331,
      851.9807598529347,
      550.234240448369,
      469.0949317821036,
      572.1442775444847,
      770.1629877067148,
      631.101311321917,
      751.1398056844307,
      231.15549895704902,
      297.71555104425545,
      293.4807428435518,
      195.3761553652634,
      98.33439351033982,
      464.7664990404994,
      699.6959080626004,
      442.7258622825859,
      240.69337515663955,
      528.6691704919007,
      130.7437441580181
    ],
    [
      934.563945727818,
      766.3049715606143,
      514.5823982629923,
      475.98107052891095,
      885.5477826309022,
      740.7415741811986,
      551.0587560601614,
      490.03358720150135,
      491.2991557255317,
      573.639047797247,
      420.11410827441745,
      294.5433305868876,
      461.87598184607936,
      593.4610534103667,
      1036.6353803978427,
      69.36077671562843,
      191.24785579063095,
      953.1118017006445,
      678.7856974468268,
      323.27046365524086,
      532.7747577817404,
      0.0,
      523.1897195360518,
      896.2921410664901,
      304.9528569102309,
      309.69634752616713,
      763.4625625388059,
      231.60925291351035,
      802.4759090201491,
      635.3470367563043,
      343.24794142180866,
      278.9127979718132,
      840.42936530478,
      878.4639760686756,
      884.0253926521792,
      815.866013854575,
      542.044704863593,
      1063.4838453025568,
      221.0585037083365,
      678.1185416150925,
      553.7857249339957,
      681.1942570315531,
      726.6099739515038,
      548.5783858389997,
      68.48135240913315,
      302.65146089770826,
      919.9906491885769,
      607.8163405721734,
      330.97733355716497,
      659.9097809112338
    ],
    [
      490.3643713920966,
      452.9168770721715,
      169.72217728697447,
      216.54629686879085,
      576.2502885175961,
      217.5748627834023,
      57.10365230972986,
      533.4621332303128,
      343.2929145006072,
      624.454055189737,
      205.83716823382326,
      264.6722018201948,
      127.93971823308648,
      669.7049772544444,
      526.0086511677432,
      510.14653761329134,
      401.8779786736457,
      453.02233000345893,
      238.18499812725528,
      625.4004508865845,
      127.11725496963146,
      523.1897195360518,
      0.0,
      390.8530647510008,
      698.1169016826526,
      338.91885128817853,
      356.2513999499083,
      464.8713824426396,
      463.944246102565,
      356.6146252881199,
      685.6054104297714,
      448.78572617096745,
      726.4404917806496,
      444.15371254205655,
      389.57397520632406,
      451.5566169932951,
      668.7102385855462,
      563.935381270059,
      730.1977934573171,
      353.9381411280353,
      417.59220724029876,
      191.9288745540998,
      238.18624129094513,
      225.02285448288117,
      455.3814789782798,
      635.2733010724861,
      399.52374049061655,
      125.27109655117025,
      443.30524490618564,
      218.96480510438158
    ],
    [
      198.99111864840992,
      386.50556817726374,
      507.86007824276663,
      452.293649915578,
      441.4018567029468,
      205.5939110537578,
      391.38580994242363,
      723.3513247798417,
      684.6354781465235,
      781.1078377212597,
      493.57986604105645,
      655.5013156334,
      436.05266334678333,
      826.5888722721996,
      141.0795319206248,
      869.9913837279058,
      792.1706939190356,
      64.19724814482053,
      426.0085904815188,
      911.8649103640896,
      460.05496666961113,
      896.2921410664901,
      390.8530647510008,
      0.0,
      1007.1130189109479,
      641.0710314035965,
      244.6331540342156,
      855.3492420556811,
      357.4603544178816,
      621.5702304904829,
      975.6917643385381,
      836.8632767933561,
      725.9827978152998,
      200.46867315681018,
      42.82149832307331,
      318.4742322418286,
      856.1796807463119,
      173.31445147490282,
      1086.2746157259264,
      584.9757947965666,
      737.9119100521046,
      215.31964077364324,
      343.03544804494055,
      536.2215078283757,
      831.1401334847126,
      931.8045536837533,
      96.56035612043758,
      288.5131003797233,
      716.1826108731273,
      424.37355349908427
    ],
    [
      984.1287696545049,
      758.8050326414949,
      750.8400516615651,
      555.1868212198783,
      852.2594642555445,
      900.2086339239971,
      742.9906904660253,
      369.0083451089576,
      773.2984087816263,
      407.5711076665678,
      520.4481507410895,
      547.1866963806732,
      592.3423982704164,
      403.9418071983496,
      1145.9586966102252,
      252.85933771065936,
      484.3246858770255,
      1052.816512535082,
      904.2949039768852,
      110.7314398358849,
      753.5642219024577,
      304.9528569102309,
      698.1169016826526,
      1007.1130189109479,
      0.0,
      370.12056726892865,
      813.1394907839639,
      536.0377080248012,
      802.1941180643028,
      905.1332483052,
      66.2679417459413,
      582.1719819901101,
      701.4627225377743,
      927.569453612939,
      983.0774152298327,
      828.7317694484287,
      338.0061059334897,
      1155.0628039255434,
      209.3419924334891,
      940.225109583612,
      843.9461485314831,
      800.9864204446498,
      931.2126208174707,
      797.3965453396476,
      344.07473643719516,
      80.80223867115815,
      1056.5032187885092,
      738.0321855754132,
      293.7942810371661,
      884.0277913614208
    ],
    [
      642.9209121569528,
      457.34065433718854,
      432.4089404804829,
      189.8994420726583,
      575.856476660753,
      531.4703568801375,
      389.80442520622205,
      248.12847379698536,
      521.3241385006557,
      347.2952938535029,
      150.34080692573392,
      291.95659987073685,
      223.76951144242497,
      384.51072651053903,
      781.2906568961981,
      257.9123447423562,
      334.94961442140635,
      690.1388929410531,
      564.7789063265739,
      287.69241580111094,
      420.00485635648295,
      309.69634752616713,
      338.91885128817853,
      641.0710314035965,
      370.12056726892865,
      0.0,
      469.30560943036244,
      420.1582475343733,
      494.6547405584868,
      616.4550423360035,
      349.3677132654675,
      442.04265145636526,
      562.0062670460314,
      585.8914574938135,
      619.9370363786338,
      510.59731483944546,
      361.8754555493295,
      795.944044079736,
      455.8332484683067,
      637.4203295402937,
      604.0490504094022,
      431.6911744072345,
      576.8863001928445,
      488.5524818939385,
      266.3813801602706,
      300.5160215531604,
      686.7908736822371,
      367.9139150250951,
      108.88056302512555,
      544.42538205439
    ],
    [
      173.66712419163463,
      148.052530379583,
      520.9283088480626,
      287.5169255704497,
      239.69712024924456,
      310.0668994384231,
      391.22276698631003,
      494.9425195333337,
      698.993606647143,
      543.0071133867804,
      343.9832605012556,
      586.3379931529197,
      322.00578919221084,
      587.4495562044943,
      359.7621691821005,
      722.2107766333776,
      707.5386316688325,
      264.5540548722553,
      516.2202402429582,
      709.773746936695,
      473.30054579576637,
      763.4625625388059,
      356.2513999499083,
      244.6331540342156,
      813.1394907839639,
      469.30560943036244,
      0.0,
      784.9248716103025,
      131.48336640873737,
      689.0726091530047,
      772.7513794523577,
      780.5513478811471,
      488.17557908729555,
      116.59749608913485,
      205.48057862162068,
      103.6372443773037,
      622.1042837868926,
      350.8544850953727,
      924.9875567278211,
      670.0291601602198,
      770.6908812854969,
      188.98707002953856,
      456.2968861437824,
      569.66624349734,
      705.9921464252961,
      733.9694823419399,
      332.69811484762937,
      233.0232128638079,
      519.8575135756306,
      505.0746229965246
    ],
    [
      941.7365841546203,
      830.0735842357507,
      382.87697622511143,
      518.7717946140327,
      957.5137345014084,
      668.1027955388397,
      468.6094969944529,
      653.8735803895914,
      293.1771634482128,
      748.4429675077259,
      460.163385060797,
      202.00607971262423,
      463.07940340479587,
      777.0576359821081,
      988.1531063203388,
      286.98189085616485,
      85.73698831580197,
      917.8411515455005,
      541.3787439172314,
      541.942034207255,
      418.5656295250802,
      231.60925291351035,
      464.8713824426396,
      855.3492420556811,
      536.0377080248012,
      420.1582475343733,
      784.9248716103025,
      0.0,
      857.7713122921161,
      445.79570525949623,
      570.3103320176682,
      49.960192521368995,
      982.1522613434337,
      890.1270912454422,
      854.1773085136803,
      860.3973369114074,
      735.5070207517699,
      1028.5993275823116,
      427.71459660003717,
      496.1701601695099,
      339.42087294104385,
      652.8105311764168,
      608.6163405997091,
      394.8875023594366,
      200.54007804219307,
      525.9733253204906,
      854.5236176193532,
      579.987767838668,
      489.8323410563984,
      525.8548028290311
    ],
    [
      214.7271073879907,
      44.58443072506166,
      632.9034886390125,
      339.90381130580494,
      113.02387654588314,
      441.39014883434584,
      505.8481952890197,
      452.2014970403241,
      806.1199039995196,
      477.7913107490156,
      399.12985713183934,
      666.8904290152834,
      401.47254078261676,
      518.0933519538029,
      450.0006557378238,
      752.5218711812176,
      775.9316774136842,
      360.9057914012059,
      643.142651971016,
      693.5152487338395,
      587.1750182089784,
      802.4759090201491,
      463.944246102565,
      357.4603544178816,
      802.1941180643028,
      494.6547405584868,
      131.48336640873737,
      857.7713122921161,
      0.0,
      809.4486125731696,
      753.6540693079814,
      859.927622190656,
      368.96495070769896,
      172.01940627858235,
      315.1931788726008,
      40.496188004596405,
      563.5232519041282,
      423.3538037761833,
      939.4931559453956,
      793.9065813275964,
      881.5340830217357,
      315.8606966770181,
      586.3534260355545,
      685.126322932211,
      751.9010567736107,
      721.4289768798374,
      451.28629515370613,
      347.9007677003332,
      518.4483842228037,
      630.9337762422161
    ],
    [
      784.565426156137,
      803.8830271865291,
      194.64627090061077,
      561.2916299070604,
      922.4554792526795,
      419.58137355428187,
      306.36209356322655,
      852.0409674085663,
      152.88697269967966,
      949.3922915057751,
      531.0762823159574,
      358.0770900342493,
      467.6383456452989,
      991.5476904717706,
