{
  "name": "medium_cluster_cluster_n50_seed45",
  "n": 50,
  "seed": 45,
  "points": [
    [
      152.83352191491696,
      151.5296967197934
    ],
    [
      0.0,
      0.0
    ],
    [
      366.06526570605376,
      594.880727201553
    ],
    [
      214.29639048604741,
      217.47257917473684
    ],
    [
      0.0,
      58.97422156801881
    ],
    [
      216.38864366375606,
      315.59608303311893
    ],
    [
      239.60514594848536,
      555.8667052763903
    ],
    [
      106.85960942269027,
      2.7869298328310794
    ],
    [
      342.6383955453124,
      497.5252598770567
    ],
    [
      23.192726594411994,
      161.22108409372345
    ],
    [
      0.0,
      0.0
    ],
    [
      0.0,
      0.0
    ],
    [
      58.4488961735387,
      323.203454034419
    ],
    [
      145.16480874546966,
      299.5486004021013
    ],
    [
      86.89774366898504,
      0.0
    ],
    [
      24.67186189591068,
      0.0
    ],
    [
      23.14837866734004,
      390.4064496124788
    ],
    [
      39.652462607005944,
      20.42736509084309
    ],
    [
      170.96254588377928,
      375.2103599857753
    ],
    [
      200.723838909406,
      417.54148517630193
    ],
    [
      6.881467518549414,
      2.53793696713622
    ],
    [
      87.46930967688951,
      348.62732781722747
    ],
    [
      265.1103949409576,
      397.96578575614694
    ],
    [
      449.4176163906515,
      491.3179393195698
    ],
    [
      30.44149570893085,
      60.237234221645046
    ],
    [
      101.33772070576168,
      399.24879005451305
    ],
    [
      212.5709679543016,
      411.6036245324218
    ],
    [
      75.28881595182604,
      29.751031958039675
    ],
    [
      220.8018824860286,
      452.0821459012954
    ],
    [
      172.73042366122314,
      400.54641667186746
    ],
    [
      294.90615270259076,
      469.99169514488005
    ],
    [
      412.89889005360703,
      468.42945645189263
    ],
    [
      378.9969248227502,
      549.313629449768
    ],
    [
      0.0,
      62.087433823752164
    ],
    [
      43.86675434722305,
      286.6398112930335
    ],
    [
      117.58239155061958,
      307.1003601020487
    ],
    [
      95.30584149757463,
      0.0
    ],
    [
      0.0,
      0.0
    ],
    [
      89.49769103228786,
      414.51332026010465
    ],
    [
      114.66592110639806,
      204.94730642261766
    ],
    [
      169.79682232866105,
      292.10502971925035
    ],
    [
      227.06878641462947,
      390.9748098579151
    ],
    [
      127.89580682866173,
      0.0
    ],
    [
      43.06114465242753,
      0.0
    ],
    [
      79.78776805100576,
      67.7497948145915
    ],
    [
      392.8277751084126,
      559.9962528912897
    ],
    [
      0.0,
      0.0
    ],
    [
      131.90912467765165,
      194.3908444301484
    ],
    [
      0.0,
      268.1437696456518
    ],
    [
      171.0383590321129,
      335.9976595510602
    ]
  ],
  "dist": [
    [
      0.0,
      215.21927053335622,
      491.9633246385823,
      90.14514939506475,
      178.67456842395944,
      175.94610714199712,
      413.5429013124521,
      155.68561696904482,
      394.6375802915406,
      130.00253382363218,
      215.21927053335622,
      215.21927053335622,
      195.90900062748776,
      148.21742478193173,
      165.25367118732726,
      198.46072681218297,
      271.8093807279242,
      173.19865341453476,
      224.41412751690382,
      270.2882795454936,
      208.56784665118863,
      207.65345271802755,
      270.8077587441675,
      451.0190405127437,
      152.68962567176138,
      253.01495359908745,
      266.84641722758175,
      144.37182763287936,
      308.14196849459495,
      249.81035509920687,
      348.7157536731465,
      409.9505499732554,
      457.58271596835453,
      177.08191272087038,
      173.57563047313383,
      159.5144930630307,
      162.0823340225345,
      215.21927053335622,
      270.5028904170622,
      65.65216506591169,
      141.59511929736541,
      250.68872471866413,
      153.5680260396539,
      187.11286379576063,
      111.15194159704252,
      473.7532786973678,
      215.21927053335622,
      47.695999651875894,
      192.2418461867104,
      185.36408877013173
    ],
    [
      215.21927053335622,
      0.0,
      698.4889822697937,
      305.31502692835267,
      58.97422156801881,
      382.6551093772136,
      605.3085328985742,
      106.8959452171271,
      604.0963948887618,
      162.8807555337296,
      0.0,
      0.0,
      328.44595622976374,
      332.8696226767569,
      86.89774366898504,
      24.67186189591068,
      391.0921161746264,
      44.60487681133756,
      412.32390948830323,
      463.28279846089805,
      7.334556514064585,
      359.4327389600622,
      478.1843662629069,
      665.8599788390073,
      67.49228880153777,
      411.90888555338495,
      463.25366716870747,
      80.9538739653405,
      503.1219911235188,
      436.2031994000719,
      554.852982696319,
      624.4290584840813,
      667.3710605985086,
      62.087433823752164,
      289.97702246051404,
      328.8407669033314,
      95.30584149757463,
      0.0,
      424.06500607002096,
      234.84393088403422,
      337.8702550687098,
      452.1299986809606,
      127.89580682866173,
      43.06114465242753,
      104.67149864208663,
      684.0390808637405,
      0.0,
      234.9208751292452,
      268.1437696456518,
      377.02592415401375
    ],
    [
      491.9633246385823,
      698.4889822697937,
      0.0,
      406.78090132475126,
      648.9988917839452,
      316.8643300440769,
      132.34143642818606,
      646.3456019281034,
      100.13443595237003,
      552.8311352820809,
      698.4889822697937,
      698.4889822697937,
      410.41000421516827,
      368.80628655878724,
      657.1282865287155,
      685.8808466205511,
      399.2514516090025,
      660.7132383018189,
      293.80289568818677,
      242.46029402201466,
      692.7358674293516,
      371.8285134630481,
      221.28574309169798,
      132.9393297656371,
      631.2582510928776,
      329.169451671605,
      239.0627444941909,
      635.5489880235033,
      203.69802484534347,
      274.1243976692842,
      143.73896372067074,
      134.84551250869137,
      47.366530430581136,
      646.430562570186,
      445.89723363345684,
      380.2121492489039,
      653.6006008209873,
      698.4889822697937,
      330.1848343696468,
      463.95010842276855,
      360.82464557133517,
      246.77448081834117,
      640.7868372070374,
      676.9156090780255,
      599.8515029094979,
      43.967697886229644,
      698.4889822697937,
      463.9194376005023,
      490.673840946642,
      324.12333615914736
    ],
    [
      90.14514939506475,
      305.31502692835267,
      406.78090132475126,
      0.0,
      266.542064859143,
      98.14580751517387,
      339.33923687537117,
      240.0678861460055,
      308.06034186695945,
      199.2105445292905,
      305.31502692835267,
      305.31502692835267,
      188.32806318252523,
      107.3109913031697,
      252.04114327571753,
      288.53385336203405,
      257.76672781183845,
      263.3008126428541,
      163.5818742501893,
      200.52875430960935,
      298.69357323270685,
      182.44636614097737,
      187.50962820821553,
      360.9338888823508,
      241.9205986186839,
      214.01460679201435,
      194.1387129208922,
      233.58614057199063,
      234.69974483536484,
      187.7332138275169,
      265.0732685408891,
      320.0348529257149,
      370.46558363555334,
      264.7026376353193,
      183.93033157507875,
      131.85877560494842,
      247.89730422392722,
      305.31502692835267,
      233.2375806614808,
      100.41470453237527,
      86.89196879155823,
      173.97171652252922,
      234.00722969440298,
      276.7956504510366,
      201.2696739847491,
      386.25887996454196,
      305.31502692835267,
      85.55950003478749,
      220.20561418612436,
      126.1723106053127
    ],
    [
      178.67456842395944,
      58.97422156801881,
      648.9988917839452,
      266.542064859143,
      0.0,
      335.6766671790773,
      551.6455078498049,
      120.7310559819014,
      556.5321943102673,
      104.84428197681306,
      58.97422156801881,
      58.97422156801881,
      270.6166305933323,
      280.97838608959484,
      105.01988699438981,
      63.92698631223487,
      332.239626205908,
      55.30079506726815,
      359.4905942252701,
      410.9264435857848,
      56.85427701378911,
      302.57197837071254,
      430.3473040422866,
      623.6162956510096,
      30.467685536648094,
      355.04382207906224,
      411.7449602023807,
      80.76138073614597,
      450.8739418983882,
      382.7628034778814,
      505.8705392561911,
      581.4972766757459,
      619.7349465270825,
      3.1132122557333517,
      231.85321408554665,
      274.5763999810832,
      112.0765909238615,
      58.97422156801881,
      366.6304507251022,
      185.6243921610159,
      288.411051421677,
      402.224594460172,
      140.83783658487562,
      73.02205823127052,
      80.26891438388249,
      636.6606134887899,
      58.97422156801881,
      189.04411897916444,
      209.16954807763298,
      325.5704308630345
    ],
    [
      175.94610714199712,
      382.6551093772136,
      316.8643300440769,
      98.14580751517387,
      335.6766671790773,
      0.0,
      241.38968058205322,
      331.43049900041143,
      221.44350348851358,
      247.2980037723783,
      382.6551093772136,
      382.6551093772136,
      158.1228507548009,
      73.00928954085313,
      341.1286865792777,
      369.2644202157405,
      207.2158077069008,
      344.03524491861464,
      74.94926534732699,
      103.14189801495418,
      376.69438497886955,
      133.08364966292797,
      95.70045440956639,
      291.8572817438487,
      315.886820710923,
      142.24798861668856,
      96.08341517953514,
      318.7735161591236,
      136.55739465205917,
      95.51229951751898,
      173.21375310589195,
      248.94641384595653,
      284.71976504011974,
      333.3026857536521,
      174.93503927581727,
      99.170826177693,
      338.02652648314734,
      382.6551093772136,
      160.8910615302829,
      150.3019096681138,
      52.178802220024465,
      76.13158284776613,
      327.7680121625201,
      360.06014711346404,
      282.9974943385037,
      301.4335915780581,
      382.6551093772136,
      147.7413245944634,
      221.53051065815376,
      49.727986492401456
    ],
    [
      413.5429013124521,
      605.3085328985742,
      132.34143642818606,
      339.33923687537117,
      551.6455078498049,
      241.38968058205322,
      0.0,
      568.7869684444424,
      118.40428528463606,
      450.08832640864654,
      605.3085328985742,
      605.3085328985742,
      294.8724729624784,
      273.1628601720343,
      576.4610522366473,
      595.973246571064,
      272.4529836617153,
      571.5560887557687,
      193.25765609001138,
      143.68584673796187,
      600.2774661276203,
      257.08650732335065,
      159.9475480009193,
      219.5172338099978,
      537.9572521674388,
      208.91876950551696,
      146.7742594788405,
      551.1783359447218,
      105.4741555146149,
      169.10535335461952,
      102.14068099001791,
      194.1030505375135,
      139.54573021243397,
      548.8429601272965,
      332.86129001518754,
      277.0816613964944,
      574.2909395940754,
      605.3085328985742,
      206.1868751326829,
      372.4972944814967,
      272.84322153815754,
      165.36776434680212,
      566.9803969110548,
      589.5908229274725,
      513.6143617119731,
      153.27826737729097,
      605.3085328985742,
      377.17798314867156,
      374.42637948329053,
      230.3123998750448
    ],
    [
      155.68561696904482,
      106.8959452171271,
      646.3456019281034,
      240.0678861460055,
      120.7310559819014,
      331.43049900041143,
      568.7869684444424,
      0.0,
      548.0489496389956,
      179.16899430025575,
      106.8959452171271,
      106.8959452171271,
      324.0529989657839,
      299.2236244253149,
      20.155472265915115,
      82.23498538589757,
      396.5557492569994,
      69.48370700529054,
      377.89998384469305,
      425.2432653849971,
      99.97845195866803,
      346.38355128706337,
      425.6872552543821,
      596.6645082188095,
      95.60473616895997,
      396.50031256663425,
      422.26292897636324,
      41.51840319422993,
      463.518104040013,
      403.17685144226823,
      503.6286282269965,
      557.2100177538739,
      610.5326787546537,
      122.21098927488951,
      290.758590765292,
      304.50228553950296,
      11.885139088818217,
      106.8959452171271,
      412.0922915858372,
      202.3110386633105,
      296.0845414577728,
      406.3743058209369,
      21.220004222339927,
      63.85930695627365,
      70.37796829897893,
      626.3066513209982,
      106.8959452171271,
      193.2344128345793,
      286.0650774935957,
      339.3350885198637
    ],
    [
      394.6375802915406,
      604.0963948887618,
      100.13443595237003,
      308.06034186695945,
      556.5321943102673,
      221.44350348851358,
      118.40428528463606,
      548.0489496389956,
      0.0,
      463.83837062148643,
      604.0963948887618,
      604.0963948887618,
      333.39430640821934,
      279.62577703147736,
      559.4056356865398,
      590.4524542558435,
      336.9693018617359,
      565.1750850558905,
      210.7926281738133,
      162.90225781291977,
      598.1180189222682,
      295.43502932898815,
      126.18510120034355,
      106.95949155096572,
      537.2966793579276,
      260.5461191397867,
      155.88477520412073,
      538.7843037933143,
      130.0354279504592,
      195.63643561254418,
      55.104121385405584,
      76.04671502113614,
      63.27699324571314,
      554.0822776988034,
      365.7009242655596,
      294.8081535310397,
      555.6120737596601,
      604.0963948887618,
      266.4042011686732,
      370.9087596018586,
      268.4616925933627,
      157.1920257325429,
      541.8909148753663,
      580.7563288232608,
      503.7830909665479,
      80.13487873025882,
      604.0963948887618,
      369.1846413771227,
      412.33110258946766,
      235.66446104240296
    ],
    [
      130.00253382363218,
      162.8807555337296,
      552.8311352820809,
      199.2105445292905,
      104.84428197681306,
      247.2980037723783,
      450.08832640864654,
      179.16899430025575,
      463.83837062148643,
      0.0,
      162.8807555337296,
      162.8807555337296,
      165.77480407165766,
      184.4225869906094,
      173.3509941039482,
      161.22786917154116,
      229.18536980947135,
      141.7525810003695,
      260.0525517844748,
      311.7971196963386,
      159.51927267461454,
      198.12263706934658,
      338.4851725311748,
      539.1025788398808,
      101.24367925289,
      250.5271021458936,
      313.9355584464765,
      141.41561842630776,
      351.63835935236847,
      282.20229917150675,
      411.2997400635567,
      496.2336928152303,
      526.5096876960994,
      101.81052589360357,
      127.11126053902134,
      173.75319283183907,
      176.61409710833442,
      162.8807555337296,
      261.8268611339826,
      101.38702004390662,
      196.52828831637126,
      307.1680684419269,
      192.23676278718173,
      162.44073378461306,
      109.26976085348011,
      543.7386360554812,
      162.8807555337296,
      113.66392661248909,
      109.40915525000499,
      228.92178218661914
    ],
    [
      215.21927053335622,
      0.0,
      698.4889822697937,
      305.31502692835267,
      58.97422156801881,
      382.6551093772136,
      605.3085328985742,
      106.8959452171271,
      604.0963948887618,
      162.8807555337296,
      0.0,
      0.0,
      328.44595622976374,
      332.8696226767569,
      86.89774366898504,
      24.67186189591068,
      391.0921161746264,
      44.60487681133756,
      412.32390948830323,
      463.28279846089805,
      7.334556514064585,
      359.4327389600622,
      478.1843662629069,
      665.8599788390073,
      67.49228880153777,
      411.90888555338495,
      463.25366716870747,
      80.9538739653405,
      503.1219911235188,
      436.2031994000719,
      554.852982696319,
      624.4290584840813,
      667.3710605985086,
      62.087433823752164,
      289.97702246051404,
      328.8407669033314,
      95.30584149757463,
      0.0,
      424.06500607002096,
      234.84393088403422,
      337.8702550687098,
      452.1299986809606,
      127.89580682866173,
      43.06114465242753,
      104.67149864208663,
      684.0390808637405,
      0.0,
      234.9208751292452,
      268.1437696456518,
      377.02592415401375
    ],
    [
      215.21927053335622,
      0.0,
      698.4889822697937,
      305.31502692835267,
      58.97422156801881,
      382.6551093772136,
      605.3085328985742,
      106.8959452171271,
      604.0963948887618,
      162.8807555337296,
      0.0,
      0.0,
      328.44595622976374,
      332.8696226767569,
      86.89774366898504,
      24.67186189591068,
      391.0921161746264,
      44.60487681133756,
      412.32390948830323,
      463.28279846089805,
      7.334556514064585,
      359.4327389600622,
      478.1843662629069,
      665.8599788390073,
      67.49228880153777,
      411.90888555338495,
      463.25366716870747,
      80.9538739653405,
      503.1219911235188,
      436.2031994000719,
      554.852982696319,
      624.4290584840813,
      667.3710605985086,
      62.087433823752164,
      289.97702246051404,
      328.8407669033314,
      95.30584149757463,
      0.0,
      424.06500607002096,
      234.84393088403422,
      337.8702550687098,
      452.1299986809606,
      127.89580682866173,
      43.06114465242753,
      104.67149864208663,
      684.0390808637405,
      0.0,
      234.9208751292452,
      268.1437696456518,
      377.02592415401375
    ],
    [
      195.90900062748776,
      328.44595622976374,
      410.41000421516827,
      188.32806318252523,
      270.6166305933323,
      158.1228507548009,
      294.8724729624784,
      324.0529989657839,
      333.39430640821934,
      165.77480407165766,
      328.44595622976374,
      328.44595622976374,
      0.0,
      89.88437902966872,
      324.4530931022202,
      324.9636298793618,
      75.91027039123338,
      303.35897209541906,
      123.95176335071616,
      170.7097637811651,
      324.7854269115461,
      38.5818319682936,
      219.76892709677037,
      425.5808035507455,
      264.45348786394374,
      87.30603873825011,
      177.674430220194,
      293.93520871211166,
      207.2877453731909,
      137.9934831593729,
      278.31425025238786,
      383.047503502817,
      392.271398520534,
      267.57774472956913,
      39.364182079175166,
      61.28686571938548,
      325.2981818553522,
      328.44595622976374,
      96.44438465941548,
      130.93842194056668,
      115.60913741540006,
      181.7295354505492,
      330.5803171686412,
      323.56955295060476,
      256.3433624297745,
      409.7316979051212,
      328.44595622976374,
      148.28719959908446,
      80.29845769935909,
      113.31407168390128
    ],
    [
      148.21742478193173,
      332.8696226767569,
      368.80628655878724,
      107.3109913031697,
      280.97838608959484,
      73.00928954085313,
      273.1628601720343,
      299.2236244253149,
      279.62577703147736,
      184.4225869906094,
      332.8696226767569,
      332.8696226767569,
      89.88437902966872,
      0.0,
      305.1629316864764,
      322.8744558545138,
      152.12875458685252,
      298.3982560091894,
      79.93888355959827,
      130.41904266668647,
      327.62420034997257,
      75.74623487316576,
      155.1543941394887,
      359.64600694129626,
      265.38908895664133,
      108.90794949298785,
      130.76665757039567,
      278.6994479851466,
      170.2570099190911,
      104.69203416184567,
      226.8773206726065,
      316.54744010025206,
      342.1403633662076,
      278.3174937564278,
      102.11724957681005,
      28.597531587123235,
      303.6696899887844,
      332.8696226767569,
      127.73298245372035,
      99.39611144211527,
      25.732136282732593,
      122.74776304881718,
      300.04596719512904,
      316.47199279570145,
      240.84194759584915,
      359.40217666956505,
      332.8696226767569,
      105.98993726369778,
      148.523011997973,
      44.698708228311986
    ],
    [
      165.25367118732726,
      86.89774366898504,
      657.1282865287155,
      252.04114327571753,
      105.01988699438981,
      341.1286865792777,
      576.4610522366473,
      20.155472265915115,
      559.4056356865398,
      173.3509941039482,
      86.89774366898504,
      86.89774366898504,
      324.4530931022202,
      305.1629316864764,
      0.0,
      62.22588177307436,
      395.5770183379388,
      51.4722626973013,
      384.5122952677425,
      432.77854822173583,
      80.05651486938419,
      348.6277963511831,
      436.0464604900413,
      610.5849454542437,
      82.5580542430625,
      399.5098362954475,
      430.3618280360078,
      31.93573398734591,
      471.49611348881155,
      409.63969639589766,
      513.9646794613903,
      570.703866392986,
      622.1474062711965,
      106.79919144628124,
      289.85176808174805,
      308.6295170433766,
      8.40809782858959,
      86.89774366898504,
      414.5214739906101,
      206.81989770832493,
      303.64058626920627,
      415.3422963867684,
      40.99806315967669,
      43.836599016557514,
      68.12185002411128,
      638.1136163637432,
      86.89774366898504,
      199.5340192011716,
      281.87284199535964,
      346.3727333054321
    ],
    [
      198.46072681218297,
      24.67186189591068,
      685.8808466205511,
      288.53385336203405,
      63.92698631223487,
      369.2644202157405,
      595.973246571064,
      82.23498538589757,
      590.4524542558435,
      161.22786917154116,
      24.67186189591068,
      24.67186189591068,
      324.9636298793618,
      322.8744558545138,
      62.22588177307436,
      0.0,
      390.4094221457375,
      25.331712184924708,
      402.7204718688802,
      453.13926165539027,
      17.970510737071553,
      354.23796119104077,
      464.95962707030975,
      649.4630655076047,
      60.512916480778465,
      406.5430484795487,
      452.463940867965,
      58.712860094420066,
      492.79331531525486,
      427.03485761783674,
      542.1427537401447,
      608.3965656247349,
      653.6755416239663,
      66.80980622805079,
      287.2817873000712,
      320.8473121213991,
      70.63397960166395,
      24.67186189591068,
      419.5517617604231,
      223.83549562807738,
      326.16959166650025,
      440.2565354404961,
      103.22394493275105,
      18.38928275651685,
      87.33726471968593,
      670.175036602839,
      24.67186189591068,
      222.00817761331749,
      269.27640440482577,
      366.4936271038176
    ],
    [
      271.8093807279242,
      391.0921161746264,
      399.2514516090025,
      257.76672781183845,
      332.239626205908,
      207.2158077069008,
      272.4529836617153,
      396.5557492569994,
      336.9693018617359,
      229.18536980947135,
      391.0921161746264,
      391.0921161746264,
      75.91027039123338,
      152.12875458685252,
      395.5770183379388,
      390.4094221457375,
      0.0,
      370.3470099381865,
      148.59323393019034,
      179.63672852518636,
      388.2094737381263,
      76.69861265966723,
      242.08007122051023,
      438.05090090549675,
      330.2497545010157,
      78.68773851683707,
      190.6049253213662,
      364.4049333965106,
      207.0526480982909,
      149.92533847391357,
      283.1715011349959,
      397.48339678799147,
      389.71743559245544,
      329.134051054285,
      105.81477363266124,
      125.92730974160926,
      397.0187594322435,
      391.0921161746264,
      70.5930057705633,
      206.8104309912878,
      176.54726047524062,
      203.92119980323127,
      404.21432384990044,
      390.91394724184227,
      327.5901972207311,
      406.72294935149824,
      391.0921161746264,
      224.1673868958523,
      124.43476342082758,
      157.58097197390435
    ],
    [
      173.19865341453476,
      44.60487681133756,
      660.7132383018189,
      263.3008126428541,
      55.30079506726815,
      344.03524491861464,
      571.5560887557687,
      69.48370700529054,
      565.1750850558905,
      141.7525810003695,
      44.60487681133756,
      44.60487681133756,
      303.35897209541906,
      298.3982560091894,
      51.4722626973013,
      25.331712184924708,
      370.3470099381865,
      0.0,
      378.3032004051389,
      428.5365942777789,
      37.335904404218155,
      331.66499121448555,
      439.73462261999873,
      624.2158393959535,
      40.8615661888897,
      383.81081678115265,
      427.6910981564242,
      36.83585812177218,
      468.12494285075866,
      402.7409056616986,
      516.974402813474,
      583.1112839463193,
      628.3910762129195,
      57.51416449563284,
      266.2458014088219,
      297.0765556112622,
      59.283858060114405,
      44.60487681133756,
      397.2257379103698,
      199.18490832671426,
      301.2412784219734,
      415.24726037984925,
      90.5768460699324,
      20.709813080792745,
      62.05042383450952,
      644.8778070632274,
      44.60487681133756,
      196.91262996632344,
      250.86995610547237,
      341.82870640883436
    ],
    [
      224.41412751690382,
      412.32390948830323,
      293.80289568818677,
      163.5818742501893,
      359.4905942252701,
      74.94926534732699,
      193.25765609001138,
      377.89998384469305,
      210.7926281738133,
      260.0525517844748,
      412.32390948830323,
      412.32390948830323,
      123.95176335071616,
      79.93888355959827,
      384.5122952677425,
      402.7204718688802,
      148.59323393019034,
      378.3032004051389,
      0.0,
      51.7460986206038,
      407.1944684743154,
      87.62293131123575,
      96.85879869213804,
      301.69222109583893,
      344.8974274996392,
      73.6577382305424,
      55.27866217231497,
      358.46284315179304,
      91.61457822199402,
      25.397660526844877,
      156.03050716381932,
      259.2739758946521,
      271.2752315611858,
      356.75504058573745,
      154.91314444564443,
      86.53561671816519,
      382.7620032856405,
      412.32390948830323,
      90.45023638609285,
      179.32879682297525,
      83.11350570223317,
      58.278882163926454,
      377.6738781720238,
      396.4108760838914,
      320.69430810078217,
      288.7386467998133,
      412.32390948830323,
      184.98882915915442,
      201.72121073928534,
      39.21277372255328
    ],
    [
      270.2882795454936,
      463.28279846089805,
      242.46029402201466,
      200.52875430960935,
      410.9264435857848,
      103.14189801495418,
      143.68584673796187,
      425.2432653849971,
      162.90225781291977,
      311.7971196963386,
      463.28279846089805,
      463.28279846089805,
      170.7097637811651,
      130.41904266668647,
      432.77854822173583,
      453.13926165539027,
      179.63672852518636,
      428.5365942777789,
      51.7460986206038,
      0.0,
      458.0423670061844,
      132.57356250848133,
      67.29663145650298,
      259.40616828411186,
      395.80601834246136,
      101.05554505521941,
      13.25189253022185,
      407.57254641547416,
      39.952285005789875,
      32.74849081603024,
      107.80228549147672,
      218.1922041425625,
      221.68714705073398,
      408.2127412630211,
      204.3022104696603,
      138.23799179885646,
      430.6435254610858,
      463.28279846089805,
      111.26736158614636,
      229.35180412750785,
      129.1928198941975,
      37.41449580744828,
      423.84527141397473,
      446.31649869078495,
      370.10776792816813,
      239.15953492989385,
      463.28279846089805,
      233.52017762972199,
      250.21937757157465,
      86.77916347341106
    ],
    [
      208.56784665118863,
      7.334556514064585,
      692.7358674293516,
      298.69357323270685,
      56.85427701378911,
      376.69438497886955,
      600.2774661276203,
      99.97845195866803,
      598.1180189222682,
      159.51927267461454,
      7.334556514064585,
      7.334556514064585,
      324.7854269115461,
      327.62420034997257,
      80.05651486938419,
      17.970510737071553,
      388.2094737381263,
      37.335904404218155,
      407.1944684743154,
      458.0423670061844,
      0.0,
      355.34809238650035,
      472.2767859588613,
      659.3512976844713,
      62.32402291248326,
      407.80079048903406,
      457.86778368080144,
      73.62144971851374,
      497.84730563306,
      431.1805030036562,
      549.0639628584842,
      617.9846724068702,
      661.3876105995455,
      59.94578526539596,
      286.4991909888878,
      324.05703844749866,
      88.46078813594004,
      7.334556514064585,
      420.1775301310867,
      229.3186457281585,
      332.25067951445345,
      446.50381815143663,
      121.04094944568203,
      36.268583671833944,
      97.81571990864023,
      678.0223641851666,
      7.334556514064585,
      228.99662258798736,
      265.69496221806025,
      371.6757614065564
    ],
    [
      207.65345271802755,
      359.4327389600622,
      371.8285134630481,
      182.44636614097737,
      302.57197837071254,
      133.08364966292797,
      257.08650732335065,
      346.38355128706337,
      295.43502932898815,
      198.12263706934658,
      359.4327389600622,
      359.4327389600622,
      38.5818319682936,
      75.74623487316576,
      348.6277963511831,
      354.23796119104077,
      76.69861265966723,
      331.66499121448555,
      87.62293131123575,
      132.57356250848133,
      355.34809238650035,
      0.0,
      184.3655027535966,
      389.05936223649974,
      293.97451870873584,
      52.486810376576265,
      140.05869787956257,
      319.10884739891276,
      168.76159028852499,
      99.82509376577383,
      240.3317571635318,
      346.7808555984072,
      353.92561655746266,
      299.5930422842688,
      75.78677349058898,
      51.296069513672016,
      348.7153924505731,
      359.4327389600622,
      65.91720815618481,
      146.2313380271247,
      99.86285356279475,
      145.88119529479172,
      350.96341030503856,
      351.4443040110629,
      280.9825521761041,
      371.3766482934263,
      359.4327389600622,
      160.5110275492456,
      118.86329656924799,
      84.51801305431403
    ],
    [
      270.8077587441675,
      478.1843662629069,
      221.28574309169798,
      187.50962820821553,
      430.3473040422866,
      95.70045440956639,
      159.9475480009193,
      425.6872552543821,
      126.18510120034355,
      338.4851725311748,
      478.1843662629069,
      478.1843662629069,
      219.76892709677037,
      155.1543941394887,
      436.0464604900413,
      464.95962707030975,
      242.08007122051023,
      439.73462261999873,
      96.85879869213804,
      67.29663145650298,
      472.2767859588613,
      184.3655027535966,
      0.0,
      206.60052384598498,
      411.25426051089585,
      163.77769972184012,
      54.28058616645384,
      414.26360782058543,
      69.94158070367018,
      92.41600916274047,
      77.94561439788589,
      163.72711496749739,
      189.41043128409052,
      427.8992741318594,
      247.6736180809966,
      173.26579975182648,
      432.67811708314315,
      478.1843662629069,
      176.39059689301405,
      244.72366675821434,
      142.4471017354262,
      38.67864686464688,
      420.9567790442796,
      455.72210412290264,
      378.66486067617325,
      206.31432688223765,
      478.1843662629069,
      243.2803632347708,
      295.19023929111233,
      112.6481096397295
    ],
    [
      451.0190405127437,
      665.8599788390073,
      132.9393297656371,
      360.9338888823508,
      623.6162956510096,
      291.8572817438487,
      219.5172338099978,
      596.6645082188095,
      106.95949155096572,
      539.1025788398808,
      665.8599788390073,
      665.8599788390073,
      425.5808035507455,
      359.64600694129626,
      610.5849454542437,
      649.4630655076047,
      438.05090090549675,
      624.2158393959535,
      301.69222109583893,
      259.40616828411186,
      659.3512976844713,
      389.05936223649974,
      206.60052384598498,
      0.0,
      601.1418834262238,
      360.05047149864293,
      249.90139426885247,
      594.1518066025566,
      231.95818863301818,
      291.19627735304954,
      155.97628377937912,
      43.09872412570815,
      91.22814190029003,
      621.46200267631,
      454.27374764189835,
      379.5401598479379,
      605.6306354661673,
      665.8599788390073,
      368.02350764433464,
      440.5301770383984,
      343.3272081022463,
      243.94209522315816,
      587.1708367428042,
      637.5883465220851,
      562.1709684988898,
      88.98944258396318,
      665.8599788390073,
      434.7152424166141,
      501.7797364699949,
      318.7779795325573
    ],
    [
      152.68962567176138,
      67.49228880153777,
      631.2582510928776,
      241.9205986186839,
      30.467685536648094,
      315.886820710923,
      537.9572521674388,
      95.60473616895997,
      537.2966793579276,
      101.24367925289,
      67.49228880153777,
      67.49228880153777,
      264.45348786394374,
      265.38908895664133,
      82.5580542430625,
      60.512916480778465,
      330.2497545010157,
      40.8615661888897,
      344.8974274996392,
      395.80601834246136,
      62.32402291248326,
      293.97451870873584,
      411.25426051089585,
      601.1418834262238,
      0.0,
      346.3453618962192,
      395.76443107030525,
      54.228135330529796,
      435.6369034679675,
      368.8583450021856,
      487.6887050622201,
      559.3697782131128,
      600.571900386668,
      30.497670395695682,
      226.80027441357083,
      261.7917849122391,
      88.52066279271793,
      67.49228880153777,
      359.1645574730342,
      167.43583496355916,
      270.52279321013043,
      384.7721863493004,
      114.56817683150338,
      61.54494232778532,
      49.914859117510474,
      617.3191170202374,
      67.49228880153777,
      168.20484791024614,
      210.12332600882422,
      309.5339886897358
    ],
    [
      253.01495359908745,
      411.90888555338495,
      329.169451671605,
      214.01460679201435,
      355.04382207906224,
      142.24798861668856,
      208.91876950551696,
      396.50031256663425,
      260.5461191397867,
      250.5271021458936,
      411.90888555338495,
      411.90888555338495,
      87.30603873825011,
      108.90794949298785,
      399.5098362954475,
      406.5430484795487,
      78.68773851683707,
      383.81081678115265,
      73.6577382305424,
      101.05554505521941,
      407.80079048903406,
      52.486810376576265,
      163.77769972184012,
      360.05047149864293,
      346.3453618962192,
      0.0,
      111.91727850708011,
      370.4148197321478,
      130.62560790248796,
      71.40449474735341,
      206.09050557057625,
      319.1493801475765,
      315.6169983597258,
      352.06123582866235,
      126.42663513630197,
      93.56934580065209,
      399.29435248544996,
      411.90888555338495,
      19.318182757862058,
      194.75807420354937,
      127.14729243595662,
      126.00301437894778,
      400.1311388763739,
      403.4795604197227,
      332.1987120753176,
      332.87565039233687,
      411.90888555338495,
      207.12650392030383,
      165.7041339684888,
      94.12164731381215
    ],
    [
      266.84641722758175,
      463.25366716870747,
      239.0627444941909,
      194.1387129208922,
      411.7449602023807,
      96.08341517953514,
      146.7742594788405,
      422.26292897636324,
      155.88477520412073,
      313.9355584464765,
      463.25366716870747,
      463.25366716870747,
      177.674430220194,
      130.76665757039567,
      430.3618280360078,
      452.463940867965,
      190.6049253213662,
      427.6910981564242,
      55.27866217231497,
      13.25189253022185,
      457.86778368080144,
      140.05869787956257,
      54.28058616645384,
      249.90139426885247,
      395.76443107030525,
      111.91727850708011,
      0.0,
      405.7804723174932,
      41.30688376335053,
      41.34647282707743,
      100.93685866610036,
      208.2317255990675,
      216.01306574814916,
      409.0818793157769,
      209.94538887080014,
      141.22238464139681,
      427.98207160013027,
      463.25366716870747,
      123.10766759853091,
      228.67494837211783,
      126.92336938612225,
      25.213780656295217,
      420.2230677150886,
      445.14168971694784,
      368.60118609165824,
      233.47995347919584,
      463.25366716870747,
      231.70611731360356,
      256.4510604017106,
      86.26250370031201
    ],
    [
      144.37182763287936,
      80.9538739653405,
      635.5489880235033,
      233.58614057199063,
      80.76138073614597,
      318.7735161591236,
      551.1783359447218,
      41.51840319422993,
      538.7843037933143,
      141.41561842630776,
      80.9538739653405,
      80.9538739653405,
      293.93520871211166,
      278.6994479851466,
      31.93573398734591,
      58.712860094420066,
      364.4049333965106,
      36.83585812177218,
      358.46284315179304,
      407.57254641547416,
      73.62144971851374,
      319.10884739891276,
      414.26360782058543,
      594.1518066025566,
      54.228135330529796,
      370.4148197321478,
      405.7804723174932,
      0.0,
      446.69634242596896,
      383.3850339255141,
      491.9792842434403,
      553.5515533818138,
      601.8171716612154,
      81.93929883181079,
      258.8033827130291,
      280.5555138628789,
      35.85812619570981,
      80.9538739653405,
      385.0245584771101,
      179.56695407736348,
      278.857281437321,
      391.815999104105,
      60.43690421988681,
      43.86053693185222,
      38.264167946254574,
      618.0541925307193,
      80.9538739653405,
      174.1037828740632,
      249.99900637727055,
      320.8659718826256
    ],
    [
      308.14196849459495,
      503.1219911235188,
      203.69802484534347,
      234.69974483536484,
      450.8739418983882,
      136.55739465205917,
      105.4741555146149,
      463.518104040013,
      130.0354279504592,
      351.63835935236847,
      503.1219911235188,
      503.1219911235188,
      207.2877453731909,
      170.2570099190911,
      471.49611348881155,
      492.79331531525486,
      207.0526480982909,
      468.12494285075866,
      91.61457822199402,
      39.952285005789875,
      497.84730563306,
      168.76159028852499,
      69.94158070367018,
      231.95818863301818,
      435.6369034679675,
      130.62560790248796,
      41.30688376335053,
      446.69634242596896,
      0.0,
      70.475503125227,
      76.23775192408054,
      192.79132469760134,
      185.68692149140185,
      448.16218800543606,
      242.23378304878872,
      177.9718559843203,
      469.1774962063887,
      503.1219911235188,
      136.57308429327793,
      268.96183963925114,
      167.9112678279222,
      61.42784875908418,
      461.52985335379174,
      485.7674716655624,
      409.3853155179447,
      203.07230786095855,
      503.1219911235188,
      272.5926067314965,
      287.37918777972897,
      126.30129151258255
    ],
    [
      249.81035509920687,
      436.2031994000719,
      274.1243976692842,
      187.7332138275169,
      382.7628034778814,
      95.51229951751898,
      169.10535335461952,
      403.17685144226823,
      195.63643561254418,
      282.20229917150675,
      436.2031994000719,
      436.2031994000719,
      137.9934831593729,
      104.69203416184567,
      409.63969639589766,
      427.03485761783674,
      149.92533847391357,
      402.7409056616986,
